-3.069404329307447860e-02
-3.437783160350948997e-02
-3.836956635067684945e-02
-4.297541413586995762e-02
-4.911654451612743055e-02
-5.525767489638490348e-02
-6.139880527664237642e-02
-6.876965109619380401e-02
-7.675758800906921919e-02
-8.597443829315623565e-02
-9.672743029125772940e-02
-1.090277597867204268e-01
-1.228687783222990187e-01
-1.382543886611105333e-01
-1.536506256080950594e-01
-1.721388614432023678e-01
-1.937347841301645390e-01
-2.184495841307433905e-01
-2.463019296344594600e-01
-2.773172447728708967e-01
-3.084104825059547084e-01
-3.458528772540997442e-01
-3.865819055632975787e-01
-4.338025775193858347e-01
-4.972888194145277940e-01
-5.614217620572043987e-01
-6.263121274462594146e-01
-7.053388966243955283e-01
-7.927189619501792128e-01
-8.963051422861217921e-01
-1.022175195615966814e+00
-1.175600629155515886e+00
-1.368201159191844596e+00
-1.609991718579024456e+00
-1.864579275931193658e+00
-2.143764123493126839e+00
-2.405824930777112680e+00
-2.626761672523146185e+00
-2.800988485944711393e+00
-2.934600634437368072e+00
-3.029166610665446235e+00
-3.112888801469678945e+00
-3.182967026644617281e+00
-3.250993031061772065e+00
-3.314119594121171630e+00
-3.345044717109708188e+00
-3.361221786839510450e+00
-3.373120504317684176e+00
-3.376309082282119789e+00
-3.371946596218171166e+00
-3.359228795070009266e+00
-3.336489394832169442e+00
-3.298945176384891820e+00
-3.244905550609283207e+00
-3.185782798251982406e+00
-3.117087447353765306e+00
-3.035688704205834920e+00
-2.937510543656983497e+00
-2.817041778631590443e+00
-2.671559923166073158e+00
-2.516951096357784134e+00
-2.324336438262574411e+00
-2.108671648787898256e+00
-1.848915692194941007e+00
-1.454513151281140004e+00
-1.001662959062569414e+00
-5.439201185314461728e-01
