-1.733257073391775371e+00
-1.929982421811871740e+00
-2.121514417028639521e+00
-2.342512873047987387e+00
-2.637177481073784246e+00
-2.931842089099580662e+00
-3.226506697125377521e+00
-3.577612622461832093e+00
-3.953202922861929647e+00
-4.386576346400504534e+00
-4.892178673862174421e+00
-5.389818750172748807e+00
-5.927116956099507838e+00
-6.491123234672676823e+00
-7.002809298115518999e+00
-7.563838093658588946e+00
-8.109011364426638835e+00
-8.620330666315568990e+00
-9.075274342347766421e+00
-9.434463596876408786e+00
-9.668911732890476785e+00
-9.803755115499583894e+00
-9.830953083790484825e+00
-9.722148654766312958e+00
-9.462945355040448092e+00
-9.106749073459402766e+00
-8.707803999793927829e+00
-8.231298962305377387e+00
-7.722726564089031243e+00
-7.164752225655361073e+00
-6.596509150154314050e+00
-6.023243800800332615e+00
-5.469214028842742437e+00
-4.946852180491007722e+00
-4.510784376575514898e+00
-4.071928266675772790e+00
-3.656577292034866034e+00
-3.268049332562251053e+00
-2.918676900399465701e+00
-2.606745902985655228e+00
-2.353950987306348441e+00
-2.105594573859018492e+00
-1.890057798915962595e+00
-1.689433428597760356e+00
-1.480662670581458062e+00
-1.316445851232666442e+00
-1.183527461641763923e+00
-1.055532292565309893e+00
-9.444148767700560887e-01
-8.412246479361435991e-01
-7.457317972796357886e-01
-6.586754895867593662e-01
-5.813705975013220284e-01
-5.128095868515820666e-01
-4.578199972178607635e-01
-4.040341987919399136e-01
-3.539384935332171578e-01
-3.076963429656958127e-01
-2.660468595106634249e-01
-2.282728016161092166e-01
-1.973870982564324417e-01
-1.662038435183513241e-01
-1.379839389965514529e-01
-1.100667591145206708e-01
-7.835288935102086016e-02
-5.058510467464272936e-02
-2.509885776544407490e-02
