2.978906265738914261e+00
2.973589094121482646e+00
2.967175885163320537e+00
2.958944100629009810e+00
2.946608182655420016e+00
2.932755893985746098e+00
2.917432958582009572e+00
2.897174482836526899e+00
2.873026801968185939e+00
2.842481464786766665e+00
2.803477028681228944e+00
2.754880901150503103e+00
2.695719417573124943e+00
2.625302004383387455e+00
2.550950702982285989e+00
2.457919751310510215e+00
2.346104327791896704e+00
2.216653878163119540e+00
2.072098444348992707e+00
1.916206814649779044e+00
1.767930166338385511e+00
1.602319732656210194e+00
1.439398154920150663e+00
1.272777371313452699e+00
1.083781812510181908e+00
9.278800530497071097e-01
7.994872241510203592e-01
6.746052011888423738e-01
5.673441051672515334e-01
4.708058380334780857e-01
3.850202672730485554e-01
3.118747268450456356e-01
2.507810045275117861e-01
1.972445490751215669e-01
1.487085923041006896e-01
9.179682381179771200e-02
2.843243566547390411e-02
-3.701319832641539187e-02
-1.013326942053226626e-01
-1.619677764353521232e-01
-2.135720747011150278e-01
-2.666327077711113103e-01
-3.153074561403420573e-01
-3.647984923570127269e-01
-4.244492493458060789e-01
-4.755746473407165831e-01
-5.196067230819380045e-01
-5.663011444489026713e-01
-6.110811620143100642e-01
-6.569187253776768154e-01
-7.044031841576107178e-01
-7.527540982418138293e-01
-8.015611082531027831e-01
-8.489883499197237171e-01
-8.901912404984856364e-01
-9.342505785301585819e-01
-9.805042293359758077e-01
-1.028073036707397137e+00
-1.076355475854158916e+00
-1.123712688163857942e+00
-1.165550635002285507e+00
-1.210046891397497992e+00
-1.252024898744393377e+00
-1.295905570682897245e+00
-1.348482716586513419e+00
-1.385751127011263462e+00
-1.406799991855847365e+00
