-1.794640516128955365e+00
-1.998732870018999019e+00
-2.198247689368856062e+00
-2.428457096310998153e+00
-2.735402972233854424e+00
-3.042348848156711583e+00
-3.349294724079567853e+00
-3.715141203305652784e+00
-4.106706247844835289e+00
-4.558512068466970213e+00
-5.085618859192794439e+00
-5.607857548106244927e+00
-6.172835402204167821e+00
-6.767610487425744559e+00
-7.310086991821674651e+00
-7.908089469761065970e+00
-8.496450610010686688e+00
-9.057196167694240074e+00
-9.567840055123967957e+00
-9.989054832295909847e+00
-1.028568496434412260e+01
-1.049540669236019141e+01
-1.060405597491662277e+01
-1.058968655210427023e+01
-1.045744492967222961e+01
-1.022950320687625592e+01
-9.960326939238086652e+00
-9.641861770990187708e+00
-9.308032415023182793e+00
-8.957204699502492318e+00
-8.640675723513743023e+00
-8.374215515179729508e+00
-8.205305809829779307e+00
-8.166440392925691683e+00
-8.239484364240730940e+00
-8.359029812876464405e+00
-8.467937174566754877e+00
-8.521427098109484177e+00
-8.520629912802597516e+00
-8.476018432477889775e+00
-8.412268204211228451e+00
-8.331403938855300950e+00
-8.255964252707974182e+00
-8.191319087258126075e+00
-8.109033457959871072e+00
-8.006663659790515197e+00
-7.906004949210470478e+00
-7.801827868905905738e+00
-7.697054291207366283e+00
-7.585129531390668589e+00
-7.464210636071972438e+00
-7.331693099361369370e+00
-7.179334293593992555e+00
-7.002733120332497840e+00
-6.829412094366494657e+00
-6.638227877119164511e+00
-6.425346432357528670e+00
-6.182769791294049355e+00
-5.900220336237948615e+00
-5.571529044523518159e+00
-5.231362218966945754e+00
-4.814986962750213983e+00
-4.355401726160216036e+00
-3.807951023506272570e+00
-2.987714141291204495e+00
-2.054245067109946365e+00
-1.113307790597868552e+00
