2.978906265738914261e+00
2.973589094121482646e+00
2.967175885163320537e+00
2.958944100629009810e+00
2.946608182655420016e+00
2.932755893985746098e+00
2.917432958582009572e+00
2.897174482836528231e+00
2.873026801968184607e+00
2.842481464786766665e+00
2.803477028681227168e+00
2.754880901150503103e+00
2.695719417573123611e+00
2.625302004383387455e+00
2.550950702982285989e+00
2.457919751310510215e+00
2.346104327791896704e+00
2.216653878163119540e+00
2.072098444348992707e+00
1.916206814649777712e+00
1.767930166338385511e+00
1.602319732656210194e+00
1.439398154920150663e+00
1.272777371313452699e+00
1.083781812510183462e+00
9.278800530497071097e-01
7.994872241510203592e-01
6.746052011888423738e-01
5.673441051672523106e-01
4.708058380675059218e-01
3.850203517213654503e-01
3.118929798080252169e-01
2.513673679221379853e-01
2.022612806069730707e-01
1.660071791632722615e-01
1.338685115085828381e-01
1.067802776249862640e-01
8.470802559334378312e-02
6.710824531334953769e-02
5.325330433196880792e-02
4.325928581083896690e-02
3.456160159768023599e-02
2.778343458183542974e-02
2.216236286637304070e-02
1.696418425150855031e-02
1.338944087810787879e-02
1.082700211018983866e-02
8.607872937374009062e-03
6.885515239336242703e-03
5.461843603897575256e-03
4.286333067395863006e-03
3.344620049267165406e-03
2.603925977966757913e-03
2.027154913089557718e-03
1.614588204477728503e-03
1.257971370847931663e-03
9.639529463755271144e-04
7.288602329350945099e-04
5.444491807275320247e-04
4.014377596171415257e-04
2.997664716750680111e-04
2.127340774389246709e-04
1.464238551561932171e-04
9.328294069769593310e-05
4.728191846844666680e-05
1.969869952705418178e-05
4.837972201858270904e-06
