-1.763950234078265789e+00
-1.964359261078316043e+00
-2.159882864852042061e+00
-2.385487023052494937e+00
-2.686292567319766178e+00
-2.987098111587036975e+00
-3.287903655854307772e+00
-3.646380208765040987e+00
-4.029958237854763148e+00
-4.472548271419827692e+00
-4.988903310579068773e+00
-5.498843311257807898e+00
-6.049982056113760720e+00
-6.629373478028815825e+00
-7.156455415928301811e+00
-7.735971916145055083e+00
-8.302740291447442189e+00
-8.838773787339086141e+00
-9.321568929509393087e+00
-9.711772485510804742e+00
-9.977313017083037749e+00
-1.014959748848187004e+01
-1.021752313331474404e+01
-1.015593820943722214e+01
-9.960218938898000474e+00
-9.668153231015187643e+00
-9.334095971116148860e+00
-8.936614783545167029e+00
-8.515418597409693646e+00
-8.061024213363893409e+00
-7.618644602041406699e+00
-7.198790932566979883e+00
-6.837335289177413067e+00
-6.556746991947386860e+00
-6.375265205578929617e+00
-6.215631216798790604e+00
-6.062392910469005081e+00
-5.894841804663465190e+00
-5.719718544659917470e+00
-5.541412188569201369e+00
-5.383164839747745845e+00
-5.218535325029605154e+00
-5.073067786425094816e+00
-4.940461559007519377e+00
-4.794829996301064767e+00
-4.661532070421849028e+00
-4.544782577412277647e+00
-4.428684000038035862e+00
-4.320750865220540859e+00
-4.213195332462760234e+00
-4.104982100567428738e+00
-3.995184429771693413e+00
-3.880333292493934216e+00
-3.757731094263593974e+00
-3.643616143553062070e+00
-3.521133532898112151e+00
-3.389637510052657010e+00
-3.245216022038909021e+00
-3.083096544613504353e+00
-2.899839761268387051e+00
-2.714344014572867447e+00
-2.490545318842899647e+00
-2.246659657863078863e+00
-1.958985753630613891e+00
-1.532868610098001350e+00
-1.052249773095743191e+00
-5.690199559281204911e-01
