-2.384164172970847151e+00
-2.654969299716485320e+00
-2.919033812722611199e+00
-3.223723635421987588e+00
-3.629976732354489588e+00
-4.036229829286990700e+00
-4.442482926219493145e+00
-4.926397275977103085e+00
-5.443759819865598537e+00
-6.040716601275401665e+00
-6.737166179586838943e+00
-7.424272972561464456e+00
-8.166667448016188047e+00
-8.947176633612281549e+00
-9.657315620312031612e+00
-1.043846717836076543e+01
-1.120326241773804377e+01
-1.192988753652178779e+01
-1.258868226702305826e+01
-1.312854673854940835e+01
-1.350572709617354406e+01
-1.376839684411893394e+01
-1.390144820824859906e+01
-1.387713425322511718e+01
-1.371490860476714246e+01
-1.344823054725181599e+01
-1.313387501800562873e+01
-1.273401251284174762e+01
-1.226159147157000007e+01
-1.169723755129172282e+01
-1.109090861866902600e+01
-1.045388584994798897e+01
-9.817121833904595363e+00
-9.199741903724994785e+00
-8.677348992771586111e+00
-8.150961246761371015e+00
-7.651933108001641948e+00
-7.181764230180665898e+00
-6.753131853607667878e+00
-6.363116793404365978e+00
-6.041382671613622968e+00
-5.722204839428578715e+00
-5.444916369830711034e+00
-5.190610452232941263e+00
-4.920700986537731580e+00
-4.694230509615617386e+00
-4.504413289885563998e+00
-4.318794666129125659e+00
-4.152039931467639278e+00
-3.991478221607952737e+00
-3.835903775643357605e+00
-3.685303990436337163e+00
-3.537594580157351398e+00
-3.390006010044325002e+00
-3.258889313027494961e+00
-3.121964312722607993e+00
-2.980348894810832316e+00
-2.831167171894921175e+00
-2.670975567376721926e+00
-2.496603923998158336e+00
-2.325273942558005569e+00
-2.122948522633360646e+00
-1.906531066097310045e+00
-1.655126155540250554e+00
-1.289547862460640237e+00
-8.829301426821921650e-01
-4.758313629470045658e-01
