3.971450857992814942e+00
3.964257302961335938e+00
3.955582483738729227e+00
3.944450249927639263e+00
3.927772983480013913e+00
3.909053037776067718e+00
3.888354617126811519e+00
3.861003454558216141e+00
3.828422305117511470e+00
3.787241009170997152e+00
3.734705570207438985e+00
3.669327577719754263e+00
3.589845631884630350e+00
3.495390931092362763e+00
3.395824808548178364e+00
3.271465378226313003e+00
3.122290531310055961e+00
2.949941358089081422e+00
2.757858390845977947e+00
2.551066087190665410e+00
2.354625269802772092e+00
2.135400120180501293e+00
1.919807096643810329e+00
1.699265515113683733e+00
1.448427783948260883e+00
1.237837469234575494e+00
1.056713711530893107e+00
8.696117967729894982e-01
6.990386581677179301e-01
5.374057033374933789e-01
3.864760613428361857e-01
2.506457628253819236e-01
1.307833793226698960e-01
2.705974724211596127e-02
-5.458128117651836475e-02
-1.330720962459693846e-01
-2.066051810049421567e-01
-2.744996225188179317e-01
-3.369856583127769367e-01
-3.937107926425991722e-01
-4.408141075222922201e-01
-4.883196699380700223e-01
-5.312217345641597754e-01
-5.741408693759605386e-01
-6.250041286640037885e-01
-6.681148211195111486e-01
-7.049610355775585147e-01
-7.437618969101493782e-01
-7.807494397420802201e-01
-8.184243593047154652e-01
-8.572887006643995500e-01
-8.967221583319708866e-01
-9.364124109493225934e-01
-9.749021571452902712e-01
-1.008291932742841235e+00
-1.043950092419589692e+00
-1.081340046528566523e+00
-1.119756195768253582e+00
-1.158718910335476915e+00
-1.196914203402358323e+00
-1.230644465841939317e+00
-1.266506306792506420e+00
-1.300329887891559011e+00
-1.335677652009829020e+00
-1.378021097566813458e+00
-1.408032766023948446e+00
-1.424982691793650336e+00
