-3.520770339997948639e+00
-3.919081839366722164e+00
-4.304250056498134747e+00
-4.748674922418994804e+00
-5.341241410313474880e+00
-5.933807898207954956e+00
-6.526374386102435032e+00
-7.230745921548131783e+00
-7.980960628823915215e+00
-8.846592983372898900e+00
-9.856497397013376016e+00
-1.083875444045373904e+01
-1.189545602989828055e+01
-1.300065158320690450e+01
-1.399655400677047368e+01
-1.508319836054835683e+01
-1.612717443553622232e+01
-1.710146505200807709e+01
-1.796358483687679808e+01
-1.863957624457239248e+01
-1.907853620488540614e+01
-1.933004773007937516e+01
-1.938345764480706634e+01
-1.917756439912696109e+01
-1.869649929247962916e+01
-1.802714637547327570e+01
-1.727236232010569239e+01
-1.636736755131024523e+01
-1.539322832621768100e+01
-1.431539684181950811e+01
-1.321213722508487898e+01
-1.209094821035128220e+01
-1.100022016044476558e+01
-9.965929765333385149e+00
-9.099029621575148497e+00
-8.223277841378688890e+00
-7.392072807195013695e+00
-6.612112532118855412e+00
-5.909320965415516547e+00
-5.280672221754421969e+00
-4.770474753011377800e+00
-4.268546920874578099e+00
-3.832640506860093055e+00
-3.426574393606452329e+00
-3.003857377222387992e+00
-2.671106137185574880e+00
-2.401611023978267756e+00
-2.142069684684150488e+00
-1.916710375475385364e+00
-1.707376592636292045e+00
-1.513655676123451865e+00
-1.336994513529965900e+00
-1.180122105070911198e+00
-1.040963725067278745e+00
-9.293615533063722678e-01
-8.201841595161275533e-01
-7.185133837188448780e-01
-6.246407216337731549e-01
-5.401000406072941074e-01
-4.634074113877611478e-01
-4.007163899823755204e-01
-3.374076993651465295e-01
-2.801251560503152938e-01
-2.234461613632314492e-01
-1.590639643931134328e-01
-1.026936492374803112e-01
-5.095615512906207650e-02
