5.955328668380142076e+00
5.944086232280415771e+00
5.930535930135451217e+00
5.913158424092070042e+00
5.887148742629260134e+00
5.857986777177398352e+00
5.825783410992913858e+00
5.783293980511274412e+00
5.732773974342882717e+00
5.669061641621765624e+00
5.588008065426208759e+00
5.487479645965342101e+00
5.365747025028405837e+00
5.221731323558536531e+00
5.070632979261064044e+00
4.882849106296210273e+00
4.658831058179622175e+00
4.401473552430293701e+00
4.116190004004733005e+00
3.810490969708660636e+00
3.521096071751779633e+00
3.198851317147983320e+00
2.882234329421974550e+00
2.558185307804227815e+00
2.189486788926933603e+00
1.883767702458861049e+00
1.630483248665815399e+00
1.382476255011801047e+00
1.167919039456756458e+00
9.734052242935126165e-01
7.993033918380789693e-01
6.498665409030522921e-01
5.254101732858358353e-01
4.238885161015684688e-01
3.486068351571298685e-01
2.816270563152222794e-01
2.249892272979002461e-01
1.787116544070033453e-01
1.417274364230275974e-01
1.125594195232734185e-01
9.149009372989665156e-02
7.313336914484352969e-02
5.881462481338337045e-02
4.693138007685129787e-02
3.593497982573670702e-02
2.836883002657692235e-02
2.294325878818254116e-02
1.824322488215326249e-02
1.459445760330040261e-02
1.157786887519273236e-02
9.086707683635546901e-03
7.090755359542549180e-03
5.520699084503911253e-03
4.298013227517711969e-03
3.423367951949830672e-03
2.667301256123592781e-03
2.043925145176059364e-03
1.545466786625088098e-03
1.154456803645171996e-03
8.512210868367396091e-04
6.356381011670599740e-04
4.510931698109470547e-04
3.104865510524222345e-04
1.978037871249736020e-04
1.002602286600399778e-04
4.177071340074636990e-05
1.025883634916881152e-05
