-3.551462535131259646e+00
-3.953457593040350826e+00
-4.342617280688927828e+00
-4.791647689514206832e+00
-5.390354901281246391e+00
-5.989062113048285951e+00
-6.587769324815325511e+00
-7.299511249088699749e+00
-8.057713457255562872e+00
-8.932562158986558032e+00
-9.953218977672717571e+00
-1.094777550234106478e+01
-1.201831710612355053e+01
-1.313889729194957212e+01
-1.415019519341382548e+01
-1.525532667086578265e+01
-1.632089695560194542e+01
-1.731990110324345977e+01
-1.820987139255379716e+01
-1.891687599324981051e+01
-1.938692742824041204e+01
-1.967587861441388952e+01
-1.977001472799686610e+01
-1.961133971244876761e+01
-1.919375621738159410e+01
-1.858853128668883770e+01
-1.789863225932329627e+01
-1.707265815628271355e+01
-1.618589094284084595e+01
-1.521163262668231475e+01
-1.423422932993296186e+01
-1.326643715864458528e+01
-1.236825467730555594e+01
-1.157571885271765133e+01
-1.096340244395579866e+01
-1.036691273633959653e+01
-9.797876857885382762e+00
-9.238937591356286561e+00
-8.710420128086832747e+00
-8.215410154488960615e+00
-7.799740110738279775e+00
-7.381544571912088237e+00
-7.015697562843771884e+00
-6.677640967667331395e+00
-6.318077390186554787e+00
-6.016238198636268741e+00
-5.762902913165189211e+00
-5.515255854929554502e+00
-5.293076081302222846e+00
-5.079373890507052458e+00
-4.872929758106951503e+00
-4.673525070870332421e+00
-4.479104184869989069e+00
-4.285902893796762037e+00
-4.115172466340791146e+00
-3.937296644120014122e+00
-3.754223813279284450e+00
-3.562170512277550660e+00
-3.357158479585404365e+00
-3.134982161396635103e+00
-2.917679749166916192e+00
-2.661754751062264113e+00
-2.388805381328917399e+00
-2.072368811564094138e+00
-1.613582532162793459e+00
-1.104360212392429652e+00
-5.948783408739273249e-01
