-2.554593540324929246e-01
-2.861264018640607421e-01
-3.193718885570915877e-01
-3.577320655105886149e-01
-4.088789681152514288e-01
-4.600258707199141872e-01
-5.111727733245770011e-01
-5.726831879135196868e-01
-6.395764952428170114e-01
-7.167610806227754372e-01
-8.068097635660603784e-01
-9.099961531619412680e-01
-1.026157770531040736e+00
-1.155853928992626845e+00
-1.286545522512276163e+00
-1.443707714305787038e+00
-1.627749302582222724e+00
-1.841476578266547870e+00
-2.083994501590946236e+00
-2.357759470131346902e+00
-2.637639135797985368e+00
-2.981993881528795409e+00
-3.369391098195809509e+00
-3.844926584721873208e+00
-4.551290820876387144e+00
-5.353650259698794933e+00
-6.193414162128722644e+00
-7.100381789621707185e+00
-7.892314500664250332e+00
-8.584311171672100116e+00
-9.166142896875671298e+00
-9.657796103291129697e+00
-1.005383185131549517e+01
-1.036351159340981098e+01
-1.059623452207017991e+01
-1.083017615178864723e+01
-1.104980277073235051e+01
-1.124359611524019975e+01
-1.139544870651966946e+01
-1.150260604332916081e+01
-1.156699112724949963e+01
-1.161869458690618906e+01
-1.166231701252585928e+01
-1.171826280371700335e+01
-1.175638914486151165e+01
-1.172938552766282250e+01
-1.168131068513743465e+01
-1.162405280090869830e+01
-1.155174322670199061e+01
-1.146189125442106693e+01
-1.135083877002429986e+01
-1.121460396381370117e+01
-1.103778032024443689e+01
-1.081467266953733741e+01
-1.058429861905108460e+01
-1.032455904776115574e+01
-1.002635430953539597e+01
-9.677315888201695415e+00
-9.259696836814322651e+00
-8.764662014467214490e+00
-8.244465164651415989e+00
-7.602283947755587690e+00
-6.887572656550832839e+00
-6.031357722058060311e+00
-4.739951246365799342e+00
-3.262158656941607227e+00
-1.770363255817526182e+00
