0.000000000000000000e+00
0.000000000000000000e+00
0.000000000000000000e+00
0.000000000000000000e+00
0.000000000000000000e+00
0.000000000000000000e+00
0.000000000000000000e+00
-9.643274665532871356e-16
0.000000000000000000e+00
0.000000000000000000e+00
-2.964393875047479265e-322
-8.345063798638347158e-244
-1.665683592771057794e-183
-9.280921569403622551e-138
-6.160287165633025399e-106
-2.875193065766845554e-79
-4.294887310575671178e-58
-6.519912287625139046e-42
-6.966040484335710447e-30
-4.027681921636355190e-21
-2.639678735165595474e-15
-1.071665062483602964e-10
-1.718433914746069081e-07
-3.505855913542075235e-05
-1.964214568281337503e-03
-1.710237313216116800e-02
-5.924523156037091176e-02
-1.427768211011591626e-01
-2.529112687313677110e-01
-3.834956986641961940e-01
-5.278635332770420519e-01
-6.789087676939821181e-01
-8.331561822248662041e-01
-9.838359606425663983e-01
-1.115113879896452609e+00
-1.255796612884208852e+00
-1.403756852483900808e+00
-1.556145327966408587e+00
-1.710996224886980555e+00
-1.863002335767070416e+00
-1.997372524171609598e+00
-2.140348415143586980e+00
-2.275284494575024574e+00
-2.416543375189341702e+00
-2.591862515345903173e+00
-2.744955231046751098e+00
-2.878468317206038130e+00
-3.021657610555482876e+00
-3.160282533804895877e+00
-3.303273744312820170e+00
-3.452366053111429078e+00
-3.605000606786973982e+00
-3.759750731835341142e+00
-3.910586416261923048e+00
-4.041911374703921034e+00
-4.182612827829202296e+00
-4.330580431447097034e+00
-4.482971908476293343e+00
-4.637824101510990893e+00
-4.789830801418800021e+00
-4.924201252477984347e+00
-5.067177292813218159e+00
-5.202112513696194540e+00
-5.343215784607146190e+00
-5.512340447100728014e+00
-5.632237743117209483e+00
-5.699956967394505192e+00
