-6.641804077618616020e-01
-3.472893223903695259e-01
-3.395135397559471135e-01
-2.009596238492967202e-01
-1.887027030203021483e-01
-9.144098199529600290e-02
-7.477831174236905520e-02
6.901676904102574742e-03
3.070969229095181149e-02
1.077570731206317356e-01
1.401540286751541686e-01
2.183254282379257505e-01
2.554305935210453571e-01
3.281409576741536327e-01
3.530377384603982094e-01
4.028660021742502262e-01
4.105842893964270490e-01
4.369207124150021881e-01
4.125982483084590369e-01
4.129404529444978822e-01
3.682886471531714445e-01
3.600651247782989395e-01
3.152572575324165127e-01
3.105947715586617197e-01
2.706833621968564585e-01
2.725432986445883166e-01
2.367749923441763715e-01
2.431199539757933903e-01
2.120739499140798512e-01
2.219474473198853326e-01
1.934948268525095161e-01
2.058116256287153834e-01
1.779963873955812959e-01
1.911000662457243149e-01
1.617969764454977588e-01
1.743882364529457663e-01
1.435268737547170659e-01
1.556358423096287635e-01
1.209140221611190585e-01
1.319787589524873406e-01
9.258885987039275345e-02
1.028336318185485015e-01
6.011553276650908467e-02
7.028472331481362689e-02
2.298623130608781762e-02
3.310237721626294038e-02
-2.401932110163114073e-02
-1.480423493380255903e-02
-7.879656983129101899e-02
-6.975586420258941822e-02
-1.440593183238762509e-01
-1.352841518204387639e-01
-2.240664368349160884e-01
-2.164998839748783210e-01
-3.241701240643313220e-01
-3.173213809501104210e-01
-4.475289164632342831e-01
-4.418624501351938738e-01
-6.061688529416009441e-01
-6.028065576455600150e-01
-8.185228017412821133e-01
-8.174009708698483090e-01
-1.150617710026581531e+00
