0.000000000000000000e+00
0.000000000000000000e+00
0.000000000000000000e+00
0.000000000000000000e+00
0.000000000000000000e+00
0.000000000000000000e+00
0.000000000000000000e+00
-9.643274665532871356e-16
0.000000000000000000e+00
0.000000000000000000e+00
0.000000000000000000e+00
0.000000000000000000e+00
0.000000000000000000e+00
0.000000000000000000e+00
0.000000000000000000e+00
0.000000000000000000e+00
0.000000000000000000e+00
0.000000000000000000e+00
-6.264476843538691971e-311
-4.098750525992981283e-236
-9.982193907568754237e-184
-1.713269618955941939e-139
-3.864996923534501690e-106
-1.841370160915123557e-79
-6.930574055845044073e-56
-1.590337563908083044e-40
-4.204649812118760055e-30
-1.280124870045830565e-21
-1.648726703653318265e-15
-6.805938167344179983e-11
-1.688966337405222590e-07
-3.650592596013731833e-05
-1.172726789252347959e-03
-1.003346306370301276e-02
-3.459717371834313687e-02
-8.414337539356649132e-02
-1.566956839190256912e-01
-2.434424478395183500e-01
-3.368818790373453442e-01
-4.304421615346418761e-01
-5.136627210239079755e-01
-6.023886187375830925e-01
-6.861817814443588182e-01
-7.739217104467714936e-01
-8.828268671946292168e-01
-9.779281764376489550e-01
-1.060867450384255672e+00
-1.149818034772554176e+00
-1.235933354507292581e+00
-1.324761137963148760e+00
-1.417379034450017006e+00
-1.512197436582161991e+00
-1.608330068462139106e+00
-1.702031009665622596e+00
-1.783611657405927531e+00
-1.871017099802013028e+00
-1.962936364564702663e+00
-2.057603793880664611e+00
-2.153799850069773036e+00
-2.248228251846950965e+00
-2.331700802947921147e+00
-2.420519250949873857e+00
-2.504342645199095330e+00
-2.591997707247190696e+00
-2.697059997009963794e+00
-2.771541651421582042e+00
-2.813609659656098660e+00
