0.000000000000000000e+00
0.000000000000000000e+00
0.000000000000000000e+00
0.000000000000000000e+00
0.000000000000000000e+00
0.000000000000000000e+00
0.000000000000000000e+00
-9.643274665532871356e-16
0.000000000000000000e+00
0.000000000000000000e+00
0.000000000000000000e+00
0.000000000000000000e+00
0.000000000000000000e+00
0.000000000000000000e+00
0.000000000000000000e+00
0.000000000000000000e+00
0.000000000000000000e+00
0.000000000000000000e+00
-3.132238421769098953e-311
-2.049375262996490642e-236
-4.991096953784377119e-184
-8.566348094779709693e-140
-1.932498461767250845e-106
-9.206850804575617786e-80
-3.465287027922522037e-56
-7.951687819540415220e-41
-2.102324906059380028e-30
-6.400624350229152826e-22
-8.243633518266591327e-16
-3.402969083672089992e-11
-8.444831687026112948e-08
-1.825296298055082081e-05
-5.863633946261739794e-04
-5.016731531851506380e-03
-1.729858685917156844e-02
-4.207168769678324566e-02
-7.834784195951331742e-02
-1.217212239197591750e-01
-1.684409395186731717e-01
-2.152210807673209381e-01
-2.568313605119539877e-01
-3.011943093687915463e-01
-3.430908907221794091e-01
-3.869608552233857468e-01
-4.414134335973146084e-01
-4.889640882188244775e-01
-5.304337251921278362e-01
-5.749090173862776432e-01
-6.179666772536462904e-01
-6.623805689815743802e-01
-7.086895172250085029e-01
-7.560987182910809956e-01
-8.041650342310695532e-01
-8.510155048328112981e-01
-8.918058287029643205e-01
-9.355085499010065142e-01
-9.814681822823513313e-01
-1.028801896940332306e+00
-1.076899925034886518e+00
-1.124114125923475926e+00
-1.165850401473960574e+00
-1.210259625474936929e+00
-1.252171322599547665e+00
-1.295998853623595792e+00
-1.348529998504981897e+00
-1.385770825710791465e+00
-1.406804829828049330e+00
