-6.138520788455421179e-02
-6.875243280353718345e-02
-7.673550929639748330e-02
-8.594675140354397780e-02
-9.822840754640596583e-02
-1.105100636892679677e-01
-1.227917198321299558e-01
-1.375327101902492355e-01
-1.535078707827182698e-01
-1.719407483894133115e-01
-1.934457722638907862e-01
-2.180451950423369090e-01
-2.457258023121736690e-01
-2.764955428996526132e-01
-3.072867088928152302e-01
-3.442614535814919607e-01
-3.874509591227298655e-01
-4.368784269926472286e-01
-4.925803970046209734e-01
-5.546079468208585661e-01
-6.167916272437848901e-01
-6.916725843156084075e-01
-7.731266019363606246e-01
-8.675639420279839253e-01
-9.945300444594129541e-01
-1.122789340796832125e+00
-1.252563249671772461e+00
-1.410608957352018633e+00
-1.585359705617802151e+00
-1.792518778510121980e+00
-2.044246056650557808e+00
-2.351078703909913248e+00
-2.736251566923891154e+00
-3.219781987036095305e+00
-3.728896778532547973e+00
-4.287223640092081567e+00
-4.811378197481728236e+00
-5.253315807040420893e+00
-5.601846399391853026e+00
-5.869141014389625433e+00
-6.058222566603602921e+00
-6.225705323504695521e+00
-6.365820418898987754e+00
-6.501815333707792632e+00
-6.628275214401959659e+00
-6.690134741288709108e+00
-6.722410785308072789e+00
-6.746233132131351340e+00
-6.752585572038286799e+00
-6.743856680356089761e+00
-6.718435799453306601e+00
-6.672978500244385103e+00
-6.597928644178653101e+00
-6.489891610037136438e+00
-6.371565393897190788e+00
-6.234169898326315185e+00
-6.071387308376376524e+00
-5.875055172715503815e+00
-5.634157659963680231e+00
-5.343242167403253973e+00
-5.033963478885858933e+00
-4.648773043568969143e+00
-4.217409645717615341e+00
-3.697877658478748941e+00
-2.909356111988495197e+00
-2.003656543095392095e+00
-1.088206972603363853e+00
