2.9789e+00
2.9736e+00
2.9672e+00
2.9589e+00
2.9466e+00
2.9328e+00
2.9174e+00
2.8972e+00
2.8730e+00
2.8425e+00
2.8035e+00
2.7549e+00
2.6957e+00
2.6253e+00
2.5510e+00
2.4579e+00
2.3461e+00
2.2167e+00
2.0721e+00
1.9162e+00
1.7679e+00
1.6023e+00
1.4394e+00
1.2728e+00
1.0838e+00
9.2788e-01
7.9949e-01
6.7461e-01
5.6734e-01
4.7081e-01
3.8502e-01
3.1187e-01
2.5078e-01
1.9724e-01
1.4871e-01
9.1797e-02
2.8432e-02
-3.7013e-02
-1.0133e-01
-1.6197e-01
-2.1357e-01
-2.6663e-01
-3.1531e-01
-3.6480e-01
-4.2445e-01
-4.7557e-01
-5.1961e-01
-5.6630e-01
-6.1108e-01
-6.5692e-01
-7.0440e-01
-7.5275e-01
-8.0156e-01
-8.4899e-01
-8.9019e-01
-9.3425e-01
-9.8050e-01
-1.0281e+00
-1.0764e+00
-1.1237e+00
-1.1656e+00
-1.2100e+00
-1.2520e+00
-1.2959e+00
-1.3485e+00
-1.3858e+00
-1.4068e+00
