-1.763950234078266455e+00
-1.964359261078315821e+00
-2.159882864852041617e+00
-2.385487023052494049e+00
-2.686292567319764402e+00
-2.987098111587033866e+00
-3.287903655854303775e+00
-3.646380208765036990e+00
-4.029958237854759595e+00
-4.472548271419823251e+00
-4.988903310579065220e+00
-5.498843311257807898e+00
-6.049982056113762496e+00
-6.629373478028820266e+00
-7.156455415928305364e+00
-7.735971916145055971e+00
-8.302740291447447518e+00
-8.838773787339086141e+00
-9.321568929509391310e+00
-9.711772485510808295e+00
-9.977313017083048408e+00
-1.014959748848187715e+01
-1.021752313331474937e+01
-1.015593820943723280e+01
-9.960218938898004026e+00
-9.668153231015178761e+00
-9.334095971116145307e+00
-8.936614783545165253e+00
-8.515418597409681212e+00
-8.061024213363895186e+00
-7.618644602041414693e+00
-7.198790932566982548e+00
-6.837335289177414843e+00
-6.556746991947388636e+00
-6.375265205578935834e+00
-6.215631216798799485e+00
-6.062392910469001528e+00
-5.894841804663460749e+00
-5.719718544659915693e+00
-5.541412188569200481e+00
-5.383164839747744068e+00
-5.218535325029596272e+00
-5.073067786425096592e+00
-4.940461559007528258e+00
-4.794829996301065655e+00
-4.661532070421852580e+00
-4.544782577412278535e+00
-4.428684000038038526e+00
-4.320750865220541748e+00
-4.213195332462759346e+00
-4.104982100567430514e+00
-3.995184429771698742e+00
-3.880333292493941322e+00
-3.757731094263594418e+00
-3.643616143553059405e+00
-3.521133532898110374e+00
-3.389637510052656566e+00
-3.245216022038908577e+00
-3.083096544613503021e+00
-2.899839761268386606e+00
-2.714344014572869668e+00
-2.490545318842905420e+00
-2.246659657863080195e+00
-1.958985753630608340e+00
-1.532868610097999795e+00
-1.052249773095740748e+00
-5.690199559281200470e-01
