2.978906265738914261e+00
2.973589094121482646e+00
2.967175885163320537e+00
2.958944100629009810e+00
2.946608182655420016e+00
2.932755893985746098e+00
2.917432958582009572e+00
2.897174482836526899e+00
2.873026801968185939e+00
2.842481464786766665e+00
2.803477028681228944e+00
2.754880901150503103e+00
2.695719417573124943e+00
2.625302004383387455e+00
2.550950702982285989e+00
2.457919751310510215e+00
2.346104327791896704e+00
2.216653878163119540e+00
2.072098444348992707e+00
1.916206814649779044e+00
1.767930166338385511e+00
1.602319732656210194e+00
1.439398154920150663e+00
1.272777371313452699e+00
1.083781812510181908e+00
9.278800530497071097e-01
7.994872241510203592e-01
6.746052011888423738e-01
5.673441051672506452e-01
4.708058379994483622e-01
3.850201828247317160e-01
3.118564738820660542e-01
2.501946411328856423e-01
1.922278175432700631e-01
1.314100054449291177e-01
4.972513611501445940e-02
-4.991540629403845575e-02
-1.587344222461745669e-01
-2.697736337239948767e-01
-3.771888572026730890e-01
-4.704034352130689878e-01
-5.678270171399029120e-01
-6.583983468625214108e-01
-7.517593475803984182e-01
-8.658626829431206318e-01
-9.645387355595410606e-01
-1.050040448274065730e+00
-1.141210161835179315e+00
-1.229047839267956244e+00
-1.319299294359251196e+00
-1.413092701382619110e+00
-1.508852816532894936e+00
-1.605726142484172447e+00
-1.700003854752534904e+00
-1.781997069201448847e+00
-1.869759128431165207e+00
-1.961972411618327028e+00
-2.056874933647729442e+00
-2.153255400889045656e+00
-2.247826814087332981e+00
-2.331401036476246080e+00
-2.420306516872435143e+00
-2.504196221343941264e+00
-2.591904424306492150e+00
-2.697012715091495316e+00
-2.771521952722054039e+00
-2.813604821683896695e+00
