-1.7946e+00
-1.9987e+00
-2.1982e+00
-2.4285e+00
-2.7354e+00
-3.0423e+00
-3.3493e+00
-3.7151e+00
-4.1067e+00
-4.5585e+00
-5.0856e+00
-5.6079e+00
-6.1728e+00
-6.7676e+00
-7.3101e+00
-7.9081e+00
-8.4965e+00
-9.0572e+00
-9.5678e+00
-9.9891e+00
-1.0286e+01
-1.0495e+01
-1.0604e+01
-1.0590e+01
-1.0457e+01
-1.0230e+01
-9.9603e+00
-9.6419e+00
-9.3080e+00
-8.9572e+00
-8.6407e+00
-8.3742e+00
-8.2053e+00
-8.1664e+00
-8.2395e+00
-8.3590e+00
-8.4679e+00
-8.5214e+00
-8.5206e+00
-8.4760e+00
-8.4123e+00
-8.3314e+00
-8.2560e+00
-8.1913e+00
-8.1090e+00
-8.0067e+00
-7.9060e+00
-7.8018e+00
-7.6971e+00
-7.5851e+00
-7.4642e+00
-7.3317e+00
-7.1793e+00
-7.0027e+00
-6.8294e+00
-6.6382e+00
-6.4253e+00
-6.1828e+00
-5.9002e+00
-5.5715e+00
-5.2314e+00
-4.8150e+00
-4.3554e+00
-3.8080e+00
-2.9877e+00
-2.0542e+00
-1.1133e+00
