-3.5822e+00
-3.9878e+00
-4.3810e+00
-4.8346e+00
-5.4395e+00
-6.0443e+00
-6.6492e+00
-7.3683e+00
-8.1345e+00
-9.0185e+00
-1.0050e+01
-1.1057e+01
-1.2141e+01
-1.3277e+01
-1.4304e+01
-1.5427e+01
-1.6515e+01
-1.7538e+01
-1.8456e+01
-1.9194e+01
-1.9695e+01
-2.0022e+01
-2.0157e+01
-2.0045e+01
-1.9691e+01
-1.9150e+01
-1.8525e+01
-1.7778e+01
-1.6978e+01
-1.6108e+01
-1.5256e+01
-1.4442e+01
-1.3736e+01
-1.3185e+01
-1.2828e+01
-1.2510e+01
-1.2203e+01
-1.1866e+01
-1.1511e+01
-1.1150e+01
-1.0829e+01
-1.0494e+01
-1.0199e+01
-9.9285e+00
-9.6323e+00
-9.3614e+00
-9.1242e+00
-8.8884e+00
-8.6694e+00
-8.4513e+00
-8.2322e+00
-8.0101e+00
-7.7781e+00
-7.5309e+00
-7.3010e+00
-7.0544e+00
-6.7899e+00
-6.4997e+00
-6.1743e+00
-5.8067e+00
-5.4347e+00
-4.9862e+00
-4.4976e+00
-3.9213e+00
-3.0684e+00
-2.1064e+00
-1.1392e+00
