5.955328668380142076e+00
5.944086232280415771e+00
5.930535930135451217e+00
5.913158424092070042e+00
5.887148742629260134e+00
5.857986777177398352e+00
5.825783410992913858e+00
5.783293980511274412e+00
5.732773974342882717e+00
5.669061641621765624e+00
5.588008065426208759e+00
5.487479645965342101e+00
5.365747025028405837e+00
5.221731323558534754e+00
5.070632979261064044e+00
4.882849106296210273e+00
4.658831058179621287e+00
4.401473552430293701e+00
4.116190004004733005e+00
3.810490969708660636e+00
3.521096071751779633e+00
3.198851317147983320e+00
2.882234329421974550e+00
2.558185307804227815e+00
2.189486788926933603e+00
1.883767702458861049e+00
1.630483248665815399e+00
1.382476255011801047e+00
1.167919039456754904e+00
9.734052242254532805e-01
7.993032229414451795e-01
6.498300349770931295e-01
5.242374464965834369e-01
4.138550530378654613e-01
3.140096614387867247e-01
1.974836809216558020e-01
6.829354337887552640e-02
-6.473079343251500473e-02
-1.951544426143168032e-01
-3.178827420113684576e-01
-4.221726272940113378e-01
-5.292552495927415057e-01
-6.273671566309754200e-01
-7.269903303699202235e-01
-8.468918873688905391e-01
-9.495593464110719806e-01
-1.037924191596073076e+00
-1.131574809890398159e+00
-1.221338896903992222e+00
-1.313183269087956129e+00
-1.408292326766381386e+00
-1.505106681222619480e+00
-1.602809369377635296e+00
-1.697732996438104935e+00
-1.780188289453976891e+00
-1.868349798545889451e+00
-1.960892439419526623e+00
-2.056058327094037796e+00
-2.152645393266126028e+00
-2.247377030760113303e+00
-2.331065164846754190e+00
-2.420068157780062901e+00
-2.504032158648042738e+00
-2.591799903460064947e+00
-2.696959736781303629e+00
-2.771499880708180541e+00
-2.813599400819749352e+00
