5.9553e+00
5.9441e+00
5.9305e+00
5.9132e+00
5.8871e+00
5.8580e+00
5.8258e+00
5.7833e+00
5.7328e+00
5.6691e+00
5.5880e+00
5.4875e+00
5.3657e+00
5.2217e+00
5.0706e+00
4.8828e+00
4.6588e+00
4.4015e+00
4.1162e+00
3.8105e+00
3.5211e+00
3.1989e+00
2.8822e+00
2.5582e+00
2.1895e+00
1.8838e+00
1.6305e+00
1.3825e+00
1.1679e+00
9.7341e-01
7.9930e-01
6.4985e-01
5.2482e-01
4.1887e-01
3.3131e-01
2.3956e-01
1.4664e-01
5.6990e-02
-2.6714e-02
-1.0266e-01
-1.6534e-01
-2.2806e-01
-2.8428e-01
-3.4003e-01
-4.0548e-01
-4.6060e-01
-5.0749e-01
-5.5667e-01
-6.0337e-01
-6.5080e-01
-6.9960e-01
-7.4901e-01
-7.9864e-01
-8.4672e-01
-8.8838e-01
-9.3284e-01
-9.7942e-01
-1.0273e+00
-1.0757e+00
-1.1233e+00
-1.1652e+00
-1.2098e+00
-1.2519e+00
-1.2958e+00
-1.3484e+00
-1.3857e+00
-1.4068e+00
