-3.5515e+00
-3.9535e+00
-4.3426e+00
-4.7916e+00
-5.3904e+00
-5.9891e+00
-6.5878e+00
-7.2995e+00
-8.0577e+00
-8.9326e+00
-9.9532e+00
-1.0948e+01
-1.2018e+01
-1.3139e+01
-1.4150e+01
-1.5255e+01
-1.6321e+01
-1.7320e+01
-1.8210e+01
-1.8917e+01
-1.9387e+01
-1.9676e+01
-1.9770e+01
-1.9611e+01
-1.9194e+01
-1.8589e+01
-1.7899e+01
-1.7073e+01
-1.6186e+01
-1.5212e+01
-1.4234e+01
-1.3266e+01
-1.2368e+01
-1.1576e+01
-1.0963e+01
-1.0367e+01
-9.7979e+00
-9.2389e+00
-8.7104e+00
-8.2154e+00
-7.7997e+00
-7.3815e+00
-7.0157e+00
-6.6776e+00
-6.3181e+00
-6.0162e+00
-5.7629e+00
-5.5153e+00
-5.2931e+00
-5.0794e+00
-4.8729e+00
-4.6735e+00
-4.4791e+00
-4.2859e+00
-4.1152e+00
-3.9373e+00
-3.7542e+00
-3.5622e+00
-3.3572e+00
-3.1350e+00
-2.9177e+00
-2.6618e+00
-2.3888e+00
-2.0724e+00
-1.6136e+00
-1.1044e+00
-5.9488e-01
