1.1889e+01 1.0903e+01 9.9152e+00 8.9265e+00 7.9369e+00 6.9465e+00 5.9553e+00 4.9636e+00 3.9715e+00 2.9789e+00 1.9861e+00 9.9309e-01 0.0000e+00 -9.9309e-01 -1.9861e+00 -2.9789e+00 -3.9715e+00 -4.9636e+00 -5.9553e+00 -6.9465e+00 -7.9369e+00 -8.9265e+00 -9.9152e+00 -1.0903e+01 -1.1889e+01
1.1861e+01 1.0878e+01 9.8939e+00 8.9081e+00 7.9210e+00 6.9330e+00 5.9441e+00 4.9545e+00 3.9643e+00 2.9736e+00 1.9826e+00 9.9135e-01 0.0000e+00 -9.9135e-01 -1.9826e+00 -2.9736e+00 -3.9643e+00 -4.9545e+00 -5.9441e+00 -6.9330e+00 -7.9210e+00 -8.9081e+00 -9.8939e+00 -1.0878e+01 -1.1861e+01
1.1828e+01 1.0849e+01 9.8684e+00 8.8859e+00 7.9019e+00 6.9168e+00 5.9305e+00 4.9434e+00 3.9556e+00 2.9672e+00 1.9783e+00 9.8924e-01 0.0000e+00 -9.8924e-01 -1.9783e+00 -2.9672e+00 -3.9556e+00 -4.9434e+00 -5.9305e+00 -6.9168e+00 -7.9019e+00 -8.8859e+00 -9.8684e+00 -1.0849e+01 -1.1828e+01
1.1786e+01 1.0812e+01 9.8356e+00 8.8574e+00 7.8775e+00 6.8960e+00 5.9132e+00 4.9293e+00 3.9445e+00 2.9589e+00 1.9729e+00 9.8654e-01 0.0000e+00 -9.8654e-01 -1.9729e+00 -2.9589e+00 -3.9445e+00 -4.9293e+00 -5.9132e+00 -6.8960e+00 -7.8775e+00 -8.8574e+00 -9.8356e+00 -1.0812e+01 -1.1786e+01
1.1722e+01 1.0756e+01 9.7868e+00 8.8150e+00 7.8409e+00 6.8649e+00 5.8871e+00 4.9080e+00 3.9278e+00 2.9466e+00 1.9648e+00 9.8250e-01 0.0000e+00 -9.8250e-01 -1.9648e+00 -2.9466e+00 -3.9278e+00 -4.9080e+00 -5.8871e+00 -6.8649e+00 -7.8409e+00 -8.8150e+00 -9.7868e+00 -1.0756e+01 -1.1722e+01
1.1652e+01 1.0694e+01 9.7323e+00 8.7675e+00 7.8000e+00 6.8300e+00 5.8580e+00 4.8842e+00 3.9091e+00 2.9328e+00 1.9556e+00 9.7795e-01 0.0000e+00 -9.7795e-01 -1.9556e+00 -2.9328e+00 -3.9091e+00 -4.8842e+00 -5.8580e+00 -6.8300e+00 -7.8000e+00 -8.7675e+00 -9.7323e+00 -1.0694e+01 -1.1652e+01
1.1575e+01 1.0626e+01 9.6723e+00 8.7153e+00 7.7549e+00 6.7916e+00 5.8258e+00 4.8579e+00 3.8884e+00 2.9174e+00 1.9455e+00 9.7292e-01 0.0000e+00 -9.7292e-01 -1.9455e+00 -2.9174e+00 -3.8884e+00 -4.8579e+00 -5.8258e+00 -6.7916e+00 -7.7549e+00 -8.7153e+00 -9.6723e+00 -1.0626e+01 -1.1575e+01
1.1474e+01 1.0536e+01 9.5936e+00 8.6465e+00 7.6955e+00 6.7409e+00 5.7833e+00 4.8232e+00 3.8610e+00 2.8972e+00 1.9321e+00 9.6626e-01 -9.6433e-16 -9.6626e-01 -1.9321e+00 -2.8972e+00 -3.8610e+00 -4.8232e+00 -5.7833e+00 -6.7409e+00 -7.6955e+00 -8.6465e+00 -9.5936e+00 -1.0536e+01 -1.1474e+01
1.1355e+01 1.0431e+01 9.5007e+00 8.5652e+00 7.6250e+00 6.6807e+00 5.7328e+00 4.7818e+00 3.8284e+00 2.8730e+00 1.9162e+00 9.5832e-01 0.0000e+00 -9.5832e-01 -1.9162e+00 -2.8730e+00 -3.8284e+00 -4.7818e+00 -5.7328e+00 -6.6807e+00 -7.6250e+00 -8.5652e+00 -9.5007e+00 -1.0431e+01 -1.1355e+01
1.1207e+01 1.0299e+01 9.3843e+00 8.4631e+00 7.5365e+00 6.6049e+00 5.6691e+00 4.7296e+00 3.7872e+00 2.8425e+00 1.8960e+00 9.4827e-01 0.0000e+00 -9.4827e-01 -1.8960e+00 -2.8425e+00 -3.7872e+00 -4.7296e+00 -5.6691e+00 -6.6049e+00 -7.5365e+00 -8.4631e+00 -9.3843e+00 -1.0299e+01 -1.1207e+01
1.1022e+01 1.0134e+01 9.2375e+00 8.3341e+00 7.4243e+00 6.5086e+00 5.5880e+00 4.6631e+00 3.7347e+00 2.8035e+00 1.8701e+00 9.3542e-01 0.0000e+00 -9.3542e-01 -1.8701e+00 -2.8035e+00 -3.7347e+00 -4.6631e+00 -5.5880e+00 -6.5086e+00 -7.4243e+00 -8.3341e+00 -9.2375e+00 -1.0134e+01 -1.1022e+01
1.0796e+01 9.9314e+00 9.0575e+00 8.1754e+00 7.2858e+00 6.3895e+00 5.4875e+00 4.5805e+00 3.6693e+00 2.7549e+00 1.8380e+00 9.1939e-01 0.0000e+00 -9.1939e-01 -1.8380e+00 -2.7549e+00 -3.6693e+00 -4.5805e+00 -5.4875e+00 -6.3895e+00 -7.2858e+00 -8.1754e+00 -9.0575e+00 -9.9314e+00 -1.0796e+01
1.0529e+01 9.6906e+00 8.8423e+00 7.9848e+00 7.1190e+00 6.2457e+00 5.3657e+00 4.4802e+00 3.5898e+00 2.6957e+00 1.7987e+00 8.9984e-01 0.0000e+00 -8.9984e-01 -1.7987e+00 -2.6957e+00 -3.5898e+00 -4.4802e+00 -5.3657e+00 -6.2457e+00 -7.1190e+00 -7.9848e+00 -8.8423e+00 -9.6906e+00 -1.0529e+01
1.0220e+01 9.4110e+00 8.5912e+00 7.7616e+00 6.9229e+00 6.0759e+00 5.2217e+00 4.3612e+00 3.4954e+00 2.6253e+00 1.7520e+00 8.7654e-01 0.0000e+00 -8.7654e-01 -1.7520e+00 -2.6253e+00 -3.4954e+00 -4.3612e+00 -5.2217e+00 -6.0759e+00 -6.9229e+00 -7.7616e+00 -8.5912e+00 -9.4110e+00 -1.0220e+01
9.9036e+00 9.1231e+00 8.3316e+00 7.5298e+00 6.7185e+00 5.8984e+00 5.0706e+00 4.2361e+00 3.3958e+00 2.5510e+00 1.7026e+00 8.5188e-01 0.0000e+00 -8.5188e-01 -1.7026e+00 -2.5510e+00 -3.3958e+00 -4.2361e+00 -5.0706e+00 -5.8984e+00 -6.7185e+00 -7.5298e+00 -8.3316e+00 -9.1231e+00 -9.9036e+00
9.5200e+00 8.7724e+00 8.0138e+00 7.2449e+00 6.4661e+00 5.6785e+00 4.8828e+00 4.0801e+00 3.2715e+00 2.4579e+00 1.6407e+00 8.2097e-01 0.0000e+00 -8.2097e-01 -1.6407e+00 -2.4579e+00 -3.2715e+00 -4.0801e+00 -4.8828e+00 -5.6785e+00 -6.4661e+00 -7.2449e+00 -8.0138e+00 -8.7724e+00 -9.5200e+00
9.0742e+00 8.3628e+00 7.6409e+00 6.9088e+00 6.1673e+00 5.4171e+00 4.6588e+00 3.8936e+00 3.1223e+00 2.3461e+00 1.5662e+00 7.8372e-01 0.0000e+00 -7.8372e-01 -1.5662e+00 -2.3461e+00 -3.1223e+00 -3.8936e+00 -4.6588e+00 -5.4171e+00 -6.1673e+00 -6.9088e+00 -7.6409e+00 -8.3628e+00 -9.0742e+00
8.5755e+00 7.9022e+00 7.2194e+00 6.5274e+00 5.8266e+00 5.1178e+00 4.4015e+00 3.6786e+00 2.9499e+00 2.2167e+00 1.4798e+00 7.4050e-01 0.0000e+00 -7.4050e-01 -1.4798e+00 -2.2167e+00 -2.9499e+00 -3.6786e+00 -4.4015e+00 -5.1178e+00 -5.8266e+00 -6.5274e+00 -7.2194e+00 -7.9022e+00 -8.5755e+00
8.0359e+00 7.4015e+00 6.7592e+00 6.1091e+00 5.4516e+00 4.7871e+00 4.1162e+00 3.4395e+00 2.7579e+00 2.0721e+00 1.3832e+00 6.9213e-01 0.0000e+00 -6.9213e-01 -1.3832e+00 -2.0721e+00 -2.7579e+00 -3.4395e+00 -4.1162e+00 -4.7871e+00 -5.4516e+00 -6.1091e+00 -6.7592e+00 -7.4015e+00 -8.0359e+00
7.4694e+00 6.8740e+00 6.2725e+00 5.6652e+00 5.0522e+00 4.4338e+00 3.8105e+00 3.1827e+00 2.5511e+00 1.9162e+00 1.2789e+00 6.3986e-01 0.0000e+00 -6.3986e-01 -1.2789e+00 -1.9162e+00 -2.5511e+00 -3.1827e+00 -3.8105e+00 -4.4338e+00 -5.0522e+00 -5.6652e+00 -6.2725e+00 -6.8740e+00 -7.4694e+00
6.9411e+00 6.3806e+00 5.8161e+00 5.2478e+00 4.6757e+00 4.1000e+00 3.5211e+00 2.9392e+00 2.3546e+00 1.7679e+00 1.1796e+00 5.9007e-01 0.0000e+00 -5.9007e-01 -1.1796e+00 -1.7679e+00 -2.3546e+00 -2.9392e+00 -3.5211e+00 -4.1000e+00 -4.6757e+00 -5.2478e+00 -5.8161e+00 -6.3806e+00 -6.9411e+00
6.3583e+00 5.8354e+00 5.3110e+00 4.7850e+00 4.2577e+00 3.7289e+00 3.1989e+00 2.6676e+00 2.1354e+00 1.6023e+00 1.0686e+00 5.3441e-01 0.0000e+00 -5.3441e-01 -1.0686e+00 -1.6023e+00 -2.1354e+00 -2.6676e+00 -3.1989e+00 -3.7289e+00 -4.2577e+00 -4.7850e+00 -5.3110e+00 -5.8354e+00 -6.3583e+00
5.7879e+00 5.3014e+00 4.8159e+00 4.3312e+00 3.8474e+00 3.3644e+00 2.8822e+00 2.4007e+00 1.9198e+00 1.4394e+00 9.5938e-01 4.7962e-01 0.0000e+00 -4.7962e-01 -9.5938e-01 -1.4394e+00 -1.9198e+00 -2.4007e+00 -2.8822e+00 -3.3644e+00 -3.8474e+00 -4.3312e+00 -4.8159e+00 -5.3014e+00 -5.7879e+00
5.2027e+00 4.7539e+00 4.3084e+00 3.8662e+00 3.4272e+00 2.9913e+00 2.5582e+00 2.1276e+00 1.6993e+00 1.2728e+00 8.4771e-01 4.2361e-01 0.0000e+00 -4.2361e-01 -8.4771e-01 -1.2728e+00 -1.6993e+00 -2.1276e+00 -2.5582e+00 -2.9913e+00 -3.4272e+00 -3.8662e+00 -4.3084e+00 -4.7539e+00 -5.2027e+00
4.5305e+00 4.1260e+00 3.7275e+00 3.3348e+00 2.9478e+00 2.5662e+00 2.1895e+00 1.8173e+00 1.4489e+00 1.0838e+00 7.2112e-01 3.6013e-01 0.0000e+00 -3.6013e-01 -7.2112e-01 -1.0838e+00 -1.4489e+00 -1.8173e+00 -2.1895e+00 -2.5662e+00 -2.9478e+00 -3.3348e+00 -3.7275e+00 -4.1260e+00 -4.5305e+00
3.9640e+00 3.5984e+00 3.2407e+00 2.8908e+00 2.5483e+00 2.2128e+00 1.8838e+00 1.5605e+00 1.2421e+00 9.2788e-01 6.1680e-01 3.0786e-01 0.0000e+00 -3.0786e-01 -6.1680e-01 -9.2788e-01 -1.2421e+00 -1.5605e+00 -1.8838e+00 -2.2128e+00 -2.5483e+00 -2.8908e+00 -3.2407e+00 -3.5984e+00 -3.9640e+00
3.4856e+00 3.1544e+00 2.8325e+00 2.5197e+00 2.2155e+00 1.9193e+00 1.6305e+00 1.3482e+00 1.0715e+00 7.9949e-01 5.3099e-01 2.6489e-01 0.0000e+00 -2.6489e-01 -5.3099e-01 -7.9949e-01 -1.0715e+00 -1.3482e+00 -1.6305e+00 -1.9193e+00 -2.2155e+00 -2.5197e+00 -2.8325e+00 -3.1544e+00 -3.4856e+00
3.0067e+00 2.7118e+00 2.4273e+00 2.1527e+00 1.8875e+00 1.6310e+00 1.3825e+00 1.1409e+00 9.0531e-01 6.7461e-01 4.4764e-01 2.2318e-01 0.0000e+00 -2.2318e-01 -4.4764e-01 -6.7461e-01 -9.0531e-01 -1.1409e+00 -1.3825e+00 -1.6310e+00 -1.8875e+00 -2.1527e+00 -2.4273e+00 -2.7118e+00 -3.0067e+00
2.5821e+00 2.3212e+00 2.0712e+00 1.8317e+00 1.6018e+00 1.3808e+00 1.1679e+00 9.6208e-01 7.6227e-01 5.6734e-01 3.7614e-01 1.8744e-01 0.0000e+00 -1.8744e-01 -3.7614e-01 -5.6734e-01 -7.6227e-01 -9.6208e-01 -1.1679e+00 -1.3808e+00 -1.6018e+00 -1.8317e+00 -2.0712e+00 -2.3212e+00 -2.5821e+00
2.1873e+00 1.9598e+00 1.7434e+00 1.5373e+00 1.3409e+00 1.1532e+00 9.7341e-01 8.0045e-01 6.3328e-01 4.7081e-01 3.1188e-01 1.5534e-01 0.0000e+00 -1.5534e-01 -3.1188e-01 -4.7081e-01 -6.3328e-01 -8.0045e-01 -9.7341e-01 -1.1532e+00 -1.3409e+00 -1.5373e+00 -1.7434e+00 -1.9598e+00 -2.1873e+00
1.8245e+00 1.6294e+00 1.4451e+00 1.2708e+00 1.1057e+00 9.4880e-01 7.9930e-01 6.5619e-01 5.1844e-01 3.8502e-01 2.5486e-01 1.2688e-01 0.0000e+00 -1.2688e-01 -2.5486e-01 -3.8502e-01 -5.1844e-01 -6.5619e-01 -7.9930e-01 -9.4880e-01 -1.1057e+00 -1.2708e+00 -1.4451e+00 -1.6294e+00 -1.8245e+00
1.5049e+00 1.3400e+00 1.1851e+00 1.0395e+00 9.0235e-01 7.7277e-01 6.4987e-01 5.3271e-01 4.2037e-01 3.1189e-01 2.0631e-01 1.0267e-01 -9.6433e-16 -1.0267e-01 -2.0631e-01 -3.1189e-01 -4.2037e-01 -5.3271e-01 -6.4987e-01 -7.7277e-01 -9.0235e-01 -1.0395e+00 -1.1851e+00 -1.3400e+00 -1.5049e+00
1.2323e+00 1.0943e+00 9.6541e-01 8.4490e-01 7.3195e-01 6.2573e-01 5.2541e-01 4.3014e-01 3.3907e-01 2.5137e-01 1.6618e-01 8.2671e-02 0.0000e+00 -8.2671e-02 -1.6618e-01 -2.5137e-01 -3.3907e-01 -4.3014e-01 -5.2541e-01 -6.2573e-01 -7.3195e-01 -8.4490e-01 -9.6541e-01 -1.0943e+00 -1.2323e+00
1.0051e+00 8.9044e-01 7.8389e-01 6.8471e-01 5.9217e-01 5.0548e-01 4.2389e-01 3.4665e-01 2.7302e-01 2.0226e-01 1.3365e-01 6.6469e-02 0.0000e+00 -6.6469e-02 -1.3365e-01 -2.0226e-01 -2.7302e-01 -3.4665e-01 -4.2389e-01 -5.0548e-01 -5.9217e-01 -6.8471e-01 -7.8389e-01 -8.9044e-01 -1.0051e+00
8.3363e-01 7.3714e-01 6.4785e-01 5.6505e-01 4.8804e-01 4.1611e-01 3.4861e-01 2.8485e-01 2.2420e-01 1.6601e-01 1.0966e-01 5.4523e-02 0.0000e+00 -5.4523e-02 -1.0966e-01 -1.6601e-01 -2.2420e-01 -2.8485e-01 -3.4861e-01 -4.1611e-01 -4.8804e-01 -5.6505e-01 -6.4785e-01 -7.3714e-01 -8.3363e-01
6.7869e-01 5.9911e-01 5.2574e-01 4.5792e-01 3.9503e-01 3.3646e-01 2.8163e-01 2.2995e-01 1.8088e-01 1.3387e-01 8.8397e-02 4.3944e-02 0.0000e+00 -4.3944e-02 -8.8397e-02 -1.3387e-01 -1.8088e-01 -2.2995e-01 -2.8163e-01 -3.3646e-01 -3.9503e-01 -4.5792e-01 -5.2574e-01 -5.9911e-01 -6.7869e-01
5.4586e-01 4.8114e-01 4.2164e-01 3.6682e-01 3.1611e-01 2.6900e-01 2.2499e-01 1.8359e-01 1.4433e-01 1.0678e-01 7.0490e-02 3.5037e-02 -9.6433e-16 -3.5037e-02 -7.0490e-02 -1.0678e-01 -1.4433e-01 -1.8359e-01 -2.2499e-01 -2.6900e-01 -3.1611e-01 -3.6682e-01 -4.2164e-01 -4.8114e-01 -5.4586e-01
4.3603e-01 3.8384e-01 3.3600e-01 2.9202e-01 2.5144e-01 2.1381e-01 1.7871e-01 1.4575e-01 1.1454e-01 8.4708e-02 5.5906e-02 2.7784e-02 0.0000e+00 -2.7784e-02 -5.5906e-02 -8.4708e-02 -1.1454e-01 -1.4575e-01 -1.7871e-01 -2.1381e-01 -2.5144e-01 -2.9202e-01 -3.3600e-01 -3.8384e-01 -4.3603e-01
3.4739e-01 3.0549e-01 2.6717e-01 2.3201e-01 1.9963e-01 1.6965e-01 1.4173e-01 1.1554e-01 9.0763e-02 6.7108e-02 4.4282e-02 2.2005e-02 -9.6433e-16 -2.2005e-02 -4.4282e-02 -6.7108e-02 -9.0763e-02 -1.1554e-01 -1.4173e-01 -1.6965e-01 -1.9963e-01 -2.3201e-01 -2.6717e-01 -3.0549e-01 -3.4739e-01
2.7691e-01 2.4331e-01 2.1263e-01 1.8453e-01 1.5869e-01 1.3479e-01 1.1256e-01 9.1728e-02 7.2040e-02 5.3253e-02 3.5135e-02 1.7458e-02 0.0000e+00 -1.7458e-02 -3.5135e-02 -5.3253e-02 -7.2040e-02 -9.1728e-02 -1.1256e-01 -1.3479e-01 -1.5869e-01 -1.8453e-01 -2.1263e-01 -2.4331e-01 -2.7691e-01
2.2568e-01 1.9818e-01 1.7310e-01 1.5015e-01 1.2907e-01 1.0959e-01 9.1490e-02 7.4539e-02 5.8529e-02 4.3259e-02 2.8538e-02 1.4179e-02 0.0000e+00 -1.4179e-02 -2.8538e-02 -4.3259e-02 -5.8529e-02 -7.4539e-02 -9.1490e-02 -1.0959e-01 -1.2907e-01 -1.5015e-01 -1.7310e-01 -1.9818e-01 -2.2568e-01
1.8083e-01 1.5870e-01 1.3855e-01 1.2014e-01 1.0323e-01 8.7626e-02 7.3133e-02 5.9571e-02 4.6767e-02 3.4562e-02 2.2798e-02 1.1326e-02 0.0000e+00 -1.1326e-02 -2.2798e-02 -3.4562e-02 -4.6767e-02 -5.9571e-02 -7.3133e-02 -8.7626e-02 -1.0323e-01 -1.2014e-01 -1.3855e-01 -1.5870e-01 -1.8083e-01
1.4569e-01 1.2781e-01 1.1154e-01 9.6685e-02 8.3055e-02 7.0484e-02 5.8815e-02 4.7899e-02 3.7599e-02 2.7783e-02 1.8326e-02 9.1040e-03 0.0000e+00 -9.1040e-03 -1.8326e-02 -2.7783e-02 -3.7599e-02 -4.7899e-02 -5.8815e-02 -7.0484e-02 -8.3055e-02 -9.6685e-02 -1.1154e-01 -1.2781e-01 -1.4569e-01
1.1644e-01 1.0211e-01 8.9085e-02 7.7197e-02 6.6299e-02 5.6253e-02 4.6931e-02 3.8216e-02 2.9995e-02 2.2162e-02 1.4617e-02 7.2614e-03 0.0000e+00 -7.2614e-03 -1.4617e-02 -2.2162e-02 -2.9995e-02 -3.8216e-02 -4.6931e-02 -5.6253e-02 -6.6299e-02 -7.7197e-02 -8.9085e-02 -1.0211e-01 -1.1644e-01
8.9283e-02 7.8272e-02 6.8268e-02 5.9143e-02 5.0782e-02 4.3079e-02 3.5935e-02 2.9258e-02 2.2962e-02 1.6964e-02 1.1188e-02 5.5577e-03 0.0000e+00 -5.5577e-03 -1.1188e-02 -1.6964e-02 -2.2962e-02 -2.9258e-02 -3.5935e-02 -4.3079e-02 -5.0782e-02 -5.9143e-02 -6.8268e-02 -7.8272e-02 -8.9283e-02
7.0555e-02 6.1840e-02 5.3924e-02 4.6708e-02 4.0099e-02 3.4012e-02 2.8369e-02 2.3096e-02 1.8124e-02 1.3389e-02 8.8301e-03 4.3863e-03 0.0000e+00 -4.3863e-03 -8.8301e-03 -1.3389e-02 -1.8124e-02 -2.3096e-02 -2.8369e-02 -3.4012e-02 -4.0099e-02 -4.6708e-02 -5.3924e-02 -6.1840e-02 -7.0555e-02
5.7102e-02 5.0040e-02 4.3629e-02 3.7786e-02 3.2436e-02 2.7510e-02 2.2943e-02 1.8677e-02 1.4656e-02 1.0827e-02 7.1400e-03 3.5467e-03 0.0000e+00 -3.5467e-03 -7.1400e-03 -1.0827e-02 -1.4656e-02 -1.8677e-02 -2.2943e-02 -2.7510e-02 -3.2436e-02 -3.7786e-02 -4.3629e-02 -5.0040e-02 -5.7102e-02
4.5433e-02 3.9808e-02 3.4704e-02 3.0053e-02 2.5795e-02 2.1876e-02 1.8243e-02 1.4850e-02 1.1653e-02 8.6079e-03 5.6764e-03 2.8197e-03 -9.6433e-16 -2.8197e-03 -5.6764e-03 -8.6079e-03 -1.1653e-02 -1.4850e-02 -1.8243e-02 -2.1876e-02 -2.5795e-02 -3.0053e-02 -3.4704e-02 -3.9808e-02 -4.5433e-02
3.6364e-02 3.1858e-02 2.7770e-02 2.4046e-02 2.0638e-02 1.7501e-02 1.4594e-02 1.1880e-02 9.3212e-03 6.8855e-03 4.5405e-03 2.2554e-03 0.0000e+00 -2.2554e-03 -4.5405e-03 -6.8855e-03 -9.3212e-03 -1.1880e-02 -1.4594e-02 -1.7501e-02 -2.0638e-02 -2.4046e-02 -2.7770e-02 -3.1858e-02 -3.6364e-02
2.8859e-02 2.5281e-02 2.2035e-02 1.9079e-02 1.6374e-02 1.3884e-02 1.1578e-02 9.4238e-03 7.3941e-03 5.4618e-03 3.6017e-03 1.7890e-03 0.0000e+00 -1.7890e-03 -3.6017e-03 -5.4618e-03 -7.3941e-03 -9.4238e-03 -1.1578e-02 -1.3884e-02 -1.6374e-02 -1.9079e-02 -2.2035e-02 -2.5281e-02 -2.8859e-02
2.2657e-02 1.9847e-02 1.7297e-02 1.4976e-02 1.2852e-02 1.0897e-02 9.0867e-03 7.3959e-03 5.8028e-03 4.2863e-03 2.8265e-03 1.4040e-03 0.0000e+00 -1.4040e-03 -2.8265e-03 -4.2863e-03 -5.8028e-03 -7.3959e-03 -9.0867e-03 -1.0897e-02 -1.2852e-02 -1.4976e-02 -1.7297e-02 -1.9847e-02 -2.2657e-02
1.7685e-02 1.5490e-02 1.3500e-02 1.1688e-02 1.0030e-02 8.5040e-03 7.0908e-03 5.7712e-03 4.5280e-03 3.3446e-03 2.2055e-03 1.0955e-03 0.0000e+00 -1.0955e-03 -2.2055e-03 -3.3446e-03 -4.5280e-03 -5.7712e-03 -7.0908e-03 -8.5040e-03 -1.0030e-02 -1.1688e-02 -1.3500e-02 -1.5490e-02 -1.7685e-02
1.3772e-02 1.2062e-02 1.0512e-02 9.1004e-03 7.8092e-03 6.6212e-03 5.5207e-03 4.4933e-03 3.5253e-03 2.6039e-03 1.7170e-03 8.5288e-04 0.0000e+00 -8.5288e-04 -1.7170e-03 -2.6039e-03 -3.5253e-03 -4.4933e-03 -5.5207e-03 -6.6212e-03 -7.8092e-03 -9.1004e-03 -1.0512e-02 -1.2062e-02 -1.3772e-02
1.0724e-02 9.3920e-03 8.1846e-03 7.0854e-03 6.0799e-03 5.1548e-03 4.2980e-03 3.4981e-03 2.7444e-03 2.0272e-03 1.3367e-03 6.6396e-04 0.0000e+00 -6.6396e-04 -1.3367e-03 -2.0272e-03 -2.7444e-03 -3.4981e-03 -4.2980e-03 -5.1548e-03 -6.0799e-03 -7.0854e-03 -8.1846e-03 -9.3920e-03 -1.0724e-02
8.5424e-03 7.4814e-03 6.5195e-03 5.6438e-03 4.8428e-03 4.1059e-03 3.4234e-03 2.7862e-03 2.1859e-03 1.6146e-03 1.0647e-03 5.2882e-04 -9.6433e-16 -5.2882e-04 -1.0647e-03 -1.6146e-03 -2.1859e-03 -2.7862e-03 -3.4234e-03 -4.1059e-03 -4.8428e-03 -5.6438e-03 -6.5195e-03 -7.4814e-03 -8.5424e-03
6.6564e-03 5.8296e-03 5.0799e-03 4.3975e-03 3.7733e-03 3.1991e-03 2.6673e-03 2.1708e-03 1.7031e-03 1.2580e-03 8.2950e-04 4.1202e-04 0.0000e+00 -4.1202e-04 -8.2950e-04 -1.2580e-03 -1.7031e-03 -2.1708e-03 -2.6673e-03 -3.1991e-03 -3.7733e-03 -4.3975e-03 -5.0799e-03 -5.8296e-03 -6.6564e-03
5.1012e-03 4.4674e-03 3.8929e-03 3.3699e-03 2.8915e-03 2.4515e-03 2.0439e-03 1.6635e-03 1.3051e-03 9.6395e-04 6.3562e-04 3.1572e-04 0.0000e+00 -3.1572e-04 -6.3562e-04 -9.6395e-04 -1.3051e-03 -1.6635e-03 -2.0439e-03 -2.4515e-03 -2.8915e-03 -3.3699e-03 -3.8929e-03 -4.4674e-03 -5.1012e-03
3.8574e-03 3.3781e-03 2.9436e-03 2.5481e-03 2.1864e-03 1.8536e-03 1.5455e-03 1.2578e-03 9.8678e-04 7.2886e-04 4.8060e-04 2.3872e-04 0.0000e+00 -2.3872e-04 -4.8060e-04 -7.2886e-04 -9.8678e-04 -1.2578e-03 -1.5455e-03 -1.8536e-03 -2.1864e-03 -2.5481e-03 -2.9436e-03 -3.3781e-03 -3.8574e-03
2.8816e-03 2.5235e-03 2.1989e-03 1.9035e-03 1.6332e-03 1.3847e-03 1.1545e-03 9.3956e-04 7.3712e-04 5.4445e-04 3.5900e-04 1.7832e-04 0.0000e+00 -1.7832e-04 -3.5900e-04 -5.4445e-04 -7.3712e-04 -9.3956e-04 -1.1545e-03 -1.3847e-03 -1.6332e-03 -1.9035e-03 -2.1989e-03 -2.5235e-03 -2.8816e-03
2.1248e-03 1.8607e-03 1.6214e-03 1.4035e-03 1.2043e-03 1.0210e-03 8.5122e-04 6.9276e-04 5.4350e-04 4.0144e-04 2.6470e-04 1.3148e-04 -9.6433e-16 -1.3148e-04 -2.6470e-04 -4.0144e-04 -5.4350e-04 -6.9276e-04 -8.5122e-04 -1.0210e-03 -1.2043e-03 -1.4035e-03 -1.6214e-03 -1.8607e-03 -2.1248e-03
1.5867e-03 1.3895e-03 1.2108e-03 1.0481e-03 8.9927e-04 7.6240e-04 6.3564e-04 5.1731e-04 4.0585e-04 2.9977e-04 1.9766e-04 9.8180e-05 0.0000e+00 -9.8180e-05 -1.9766e-04 -2.9977e-04 -4.0585e-04 -5.1731e-04 -6.3564e-04 -7.6240e-04 -8.9927e-04 -1.0481e-03 -1.2108e-03 -1.3895e-03 -1.5867e-03
1.1261e-03 9.8612e-04 8.5925e-04 7.4379e-04 6.3819e-04 5.4105e-04 4.5109e-04 3.6712e-04 2.8802e-04 2.1273e-04 1.4027e-04 6.9675e-05 0.0000e+00 -6.9675e-05 -1.4027e-04 -2.1273e-04 -2.8802e-04 -3.6712e-04 -4.5109e-04 -5.4105e-04 -6.3819e-04 -7.4379e-04 -8.5925e-04 -9.8612e-04 -1.1261e-03
7.7508e-04 6.7875e-04 5.9143e-04 5.1195e-04 4.3926e-04 3.7241e-04 3.1049e-04 2.5269e-04 1.9824e-04 1.4642e-04 9.6550e-05 4.7957e-05 0.0000e+00 -4.7957e-05 -9.6550e-05 -1.4642e-04 -1.9824e-04 -2.5269e-04 -3.1049e-04 -3.7241e-04 -4.3926e-04 -5.1195e-04 -5.9143e-04 -6.7875e-04 -7.7508e-04
4.9379e-04 4.3242e-04 3.7679e-04 3.2615e-04 2.7985e-04 2.3725e-04 1.9780e-04 1.6098e-04 1.2629e-04 9.3283e-05 6.1509e-05 3.0552e-05 -9.6433e-16 -3.0552e-05 -6.1509e-05 -9.3283e-05 -1.2629e-04 -1.6098e-04 -1.9780e-04 -2.3725e-04 -2.7985e-04 -3.2615e-04 -3.7679e-04 -4.3242e-04 -4.9379e-04
2.5029e-04 2.1918e-04 1.9098e-04 1.6532e-04 1.4185e-04 1.2025e-04 1.0026e-04 8.1596e-05 6.4014e-05 4.7282e-05 3.1177e-05 1.5486e-05 0.0000e+00 -1.5486e-05 -3.1177e-05 -4.7282e-05 -6.4014e-05 -8.1596e-05 -1.0026e-04 -1.2025e-04 -1.4185e-04 -1.6532e-04 -1.9098e-04 -2.1918e-04 -2.5029e-04
1.0428e-04 9.1317e-05 7.9568e-05 6.8875e-05 5.9096e-05 5.0101e-05 4.1771e-05 3.3995e-05 2.6670e-05 1.9699e-05 1.2989e-05 6.4517e-06 -9.6433e-16 -6.4517e-06 -1.2989e-05 -1.9699e-05 -2.6670e-05 -3.3995e-05 -4.1771e-05 -5.0101e-05 -5.9096e-05 -6.8875e-05 -7.9568e-05 -9.1317e-05 -1.0428e-04
2.5611e-05 2.2427e-05 1.9542e-05 1.6916e-05 1.4514e-05 1.2305e-05 1.0259e-05 8.3491e-06 6.5501e-06 4.8380e-06 3.1901e-06 1.5845e-06 0.0000e+00 -1.5845e-06 -3.1901e-06 -4.8380e-06 -6.5501e-06 -8.3491e-06 -1.0259e-05 -1.2305e-05 -1.4514e-05 -1.6916e-05 -1.9542e-05 -2.2427e-05 -2.5611e-05
