-7.0485e+00 -6.3877e+00 -5.7462e+00 -5.1221e+00 -4.5138e+00 -3.9194e+00 -3.3371e+00 -2.7652e+00 -2.2019e+00 -1.6454e+00 -1.0941e+00 -5.4618e-01 0.0000e+00 5.4618e-01 1.0941e+00 1.6454e+00 2.2019e+00 2.7652e+00 3.3371e+00 3.9194e+00 4.5138e+00 5.1221e+00 5.7462e+00 6.3877e+00 7.0485e+00
-7.8707e+00 -7.1343e+00 -6.4191e+00 -5.7230e+00 -5.0440e+00 -4.3803e+00 -3.7300e+00 -3.0910e+00 -2.4615e+00 -1.8395e+00 -1.2232e+00 -6.1065e-01 0.0000e+00 6.1065e-01 1.2232e+00 1.8395e+00 2.4615e+00 3.0910e+00 3.7300e+00 4.3803e+00 5.0440e+00 5.7230e+00 6.4191e+00 7.1343e+00 7.8707e+00
-8.7525e+00 -7.9357e+00 -7.1418e+00 -6.3686e+00 -5.6141e+00 -4.8762e+00 -4.1527e+00 -3.4417e+00 -2.7409e+00 -2.0485e+00 -1.3622e+00 -6.8008e-01 0.0000e+00 6.8008e-01 1.3622e+00 2.0485e+00 2.7409e+00 3.4417e+00 4.1527e+00 4.8762e+00 5.6141e+00 6.3686e+00 7.1418e+00 7.9357e+00 8.7525e+00
-9.7574e+00 -8.8499e+00 -7.9669e+00 -7.1062e+00 -6.2657e+00 -5.4432e+00 -4.6363e+00 -3.8430e+00 -3.0609e+00 -2.2878e+00 -1.5215e+00 -7.5961e-01 0.0000e+00 7.5961e-01 1.5215e+00 2.2878e+00 3.0609e+00 3.8430e+00 4.6363e+00 5.4432e+00 6.2657e+00 7.1062e+00 7.9669e+00 8.8499e+00 9.7574e+00
-1.1074e+01 -1.0049e+01 -9.0506e+00 -8.0760e+00 -7.1231e+00 -6.1898e+00 -5.2736e+00 -4.3721e+00 -3.4829e+00 -2.6035e+00 -1.7316e+00 -8.6455e-01 0.0000e+00 8.6455e-01 1.7316e+00 2.6035e+00 3.4829e+00 4.3721e+00 5.2736e+00 6.1898e+00 7.1231e+00 8.0760e+00 9.0506e+00 1.0049e+01 1.1074e+01
-1.2362e+01 -1.1224e+01 -1.0114e+01 -9.0284e+00 -7.9662e+00 -6.9246e+00 -5.9012e+00 -4.8935e+00 -3.8989e+00 -2.9149e+00 -1.9389e+00 -9.6811e-01 0.0000e+00 9.6811e-01 1.9389e+00 2.9149e+00 3.8989e+00 4.8935e+00 5.9012e+00 6.9246e+00 7.9662e+00 9.0284e+00 1.0114e+01 1.1224e+01 1.2362e+01
-1.3619e+01 -1.2373e+01 -1.1154e+01 -9.9619e+00 -8.7933e+00 -7.6462e+00 -6.5181e+00 -5.4064e+00 -4.3084e+00 -3.2216e+00 -2.1431e+00 -1.0701e+00 0.0000e+00 1.0701e+00 2.1431e+00 3.2216e+00 4.3084e+00 5.4064e+00 6.5181e+00 7.6462e+00 8.7933e+00 9.9619e+00 1.1154e+01 1.2373e+01 1.3619e+01
-1.5083e+01 -1.3713e+01 -1.2371e+01 -1.1055e+01 -9.7632e+00 -8.4934e+00 -7.2430e+00 -6.0096e+00 -4.7904e+00 -3.5826e+00 -2.3836e+00 -1.1903e+00 0.0000e+00 1.1903e+00 2.3836e+00 3.5826e+00 4.7904e+00 6.0096e+00 7.2430e+00 8.4934e+00 9.7632e+00 1.1055e+01 1.2371e+01 1.3713e+01 1.5083e+01
-1.6610e+01 -1.5115e+01 -1.3646e+01 -1.2203e+01 -1.0784e+01 -9.3861e+00 -8.0079e+00 -6.6466e+00 -5.2998e+00 -3.9645e+00 -2.6381e+00 -1.3176e+00 0.0000e+00 1.3176e+00 2.6381e+00 3.9645e+00 5.2998e+00 6.6466e+00 8.0079e+00 9.3861e+00 1.0784e+01 1.2203e+01 1.3646e+01 1.5115e+01 1.6610e+01
-1.8294e+01 -1.6665e+01 -1.5060e+01 -1.3478e+01 -1.1919e+01 -1.0381e+01 -8.8618e+00 -7.3588e+00 -5.8698e+00 -4.3922e+00 -2.9232e+00 -1.4602e+00 0.0000e+00 1.4602e+00 2.9232e+00 4.3922e+00 5.8698e+00 7.3588e+00 8.8618e+00 1.0381e+01 1.1919e+01 1.3478e+01 1.5060e+01 1.6665e+01 1.8294e+01
-2.0148e+01 -1.8377e+01 -1.6626e+01 -1.4895e+01 -1.3184e+01 -1.1492e+01 -9.8166e+00 -8.1563e+00 -6.5089e+00 -4.8721e+00 -3.2435e+00 -1.6204e+00 0.0000e+00 1.6204e+00 3.2435e+00 4.8721e+00 6.5089e+00 8.1563e+00 9.8166e+00 1.1492e+01 1.3184e+01 1.4895e+01 1.6626e+01 1.8377e+01 2.0148e+01
-2.2118e+01 -2.0203e+01 -1.8302e+01 -1.6417e+01 -1.4547e+01 -1.2692e+01 -1.0850e+01 -9.0209e+00 -7.2029e+00 -5.3939e+00 -3.5920e+00 -1.7948e+00 0.0000e+00 1.7948e+00 3.5920e+00 5.3939e+00 7.2029e+00 9.0209e+00 1.0850e+01 1.2692e+01 1.4547e+01 1.6417e+01 1.8302e+01 2.0203e+01 2.2118e+01
-2.4143e+01 -2.2088e+01 -2.0041e+01 -1.8001e+01 -1.5970e+01 -1.3948e+01 -1.1935e+01 -9.9310e+00 -7.9346e+00 -5.9448e+00 -3.9602e+00 -1.9792e+00 0.0000e+00 1.9792e+00 3.9602e+00 5.9448e+00 7.9346e+00 9.9310e+00 1.1935e+01 1.3948e+01 1.5970e+01 1.8001e+01 2.0041e+01 2.2088e+01 2.4143e+01
-2.6160e+01 -2.3977e+01 -2.1789e+01 -1.9601e+01 -1.7412e+01 -1.5226e+01 -1.3042e+01 -1.0862e+01 -8.6843e+00 -6.5102e+00 -4.3386e+00 -2.1688e+00 0.0000e+00 2.1688e+00 4.3386e+00 6.5102e+00 8.6843e+00 1.0862e+01 1.3042e+01 1.5226e+01 1.7412e+01 1.9601e+01 2.1789e+01 2.3977e+01 2.6160e+01
-2.7943e+01 -2.5653e+01 -2.3349e+01 -2.1034e+01 -1.8710e+01 -1.6379e+01 -1.4044e+01 -1.1706e+01 -9.3662e+00 -7.0252e+00 -4.6837e+00 -2.3419e+00 0.0000e+00 2.3419e+00 4.6837e+00 7.0252e+00 9.3662e+00 1.1706e+01 1.4044e+01 1.6379e+01 1.8710e+01 2.1034e+01 2.3349e+01 2.5653e+01 2.7943e+01
-2.9793e+01 -2.7402e+01 -2.4983e+01 -2.2542e+01 -2.0080e+01 -1.7602e+01 -1.5110e+01 -1.2607e+01 -1.0095e+01 -7.5767e+00 -5.0536e+00 -2.5275e+00 0.0000e+00 2.5275e+00 5.0536e+00 7.5767e+00 1.0095e+01 1.2607e+01 1.5110e+01 1.7602e+01 2.0080e+01 2.2542e+01 2.4983e+01 2.7402e+01 2.9793e+01
-3.1587e+01 -2.9107e+01 -2.6585e+01 -2.4026e+01 -2.1435e+01 -1.8815e+01 -1.6171e+01 -1.3506e+01 -1.0825e+01 -8.1300e+00 -5.4254e+00 -2.7143e+00 0.0000e+00 2.7143e+00 5.4254e+00 8.1300e+00 1.0825e+01 1.3506e+01 1.6171e+01 1.8815e+01 2.1435e+01 2.4026e+01 2.6585e+01 2.9107e+01 3.1587e+01
-3.3216e+01 -3.0661e+01 -2.8052e+01 -2.5393e+01 -2.2688e+01 -1.9942e+01 -1.7160e+01 -1.4347e+01 -1.1509e+01 -8.6494e+00 -5.7749e+00 -2.8900e+00 0.0000e+00 2.8900e+00 5.7749e+00 8.6494e+00 1.1509e+01 1.4347e+01 1.7160e+01 1.9942e+01 2.2688e+01 2.5393e+01 2.8052e+01 3.0661e+01 3.3216e+01
-3.4589e+01 -3.1979e+01 -2.9301e+01 -2.6561e+01 -2.3763e+01 -2.0912e+01 -1.8014e+01 -1.5076e+01 -1.2103e+01 -9.1016e+00 -6.0795e+00 -3.0433e+00 0.0000e+00 3.0433e+00 6.0795e+00 9.1016e+00 1.2103e+01 1.5076e+01 1.8014e+01 2.0912e+01 2.3763e+01 2.6561e+01 2.9301e+01 3.1979e+01 3.4589e+01
-3.5646e+01 -3.2997e+01 -3.0270e+01 -2.7470e+01 -2.4602e+01 -2.1672e+01 -1.8686e+01 -1.5650e+01 -1.2572e+01 -9.4592e+00 -6.3208e+00 -3.1648e+00 0.0000e+00 3.1648e+00 6.3208e+00 9.4592e+00 1.2572e+01 1.5650e+01 1.8686e+01 2.1672e+01 2.4602e+01 2.7470e+01 3.0270e+01 3.2997e+01 3.5646e+01
-3.6308e+01 -3.3636e+01 -3.0879e+01 -2.8044e+01 -2.5134e+01 -2.2154e+01 -1.9112e+01 -1.6015e+01 -1.2871e+01 -9.6875e+00 -6.4749e+00 -3.2425e+00 0.0000e+00 3.2425e+00 6.4749e+00 9.6875e+00 1.2871e+01 1.6015e+01 1.9112e+01 2.2154e+01 2.5134e+01 2.8044e+01 3.0879e+01 3.3636e+01 3.6308e+01
-3.6696e+01 -3.4011e+01 -3.1238e+01 -2.8382e+01 -2.5447e+01 -2.2439e+01 -1.9364e+01 -1.6231e+01 -1.3048e+01 -9.8229e+00 -6.5664e+00 -3.2886e+00 0.0000e+00 3.2886e+00 6.5664e+00 9.8229e+00 1.3048e+01 1.6231e+01 1.9364e+01 2.2439e+01 2.5447e+01 2.8382e+01 3.1238e+01 3.4011e+01 3.6696e+01
-3.6738e+01 -3.4052e+01 -3.1277e+01 -2.8419e+01 -2.5481e+01 -2.2470e+01 -1.9392e+01 -1.6255e+01 -1.3067e+01 -9.8378e+00 -6.5765e+00 -3.2937e+00 0.0000e+00 3.2937e+00 6.5765e+00 9.8378e+00 1.3067e+01 1.6255e+01 1.9392e+01 2.2470e+01 2.5481e+01 2.8419e+01 3.1277e+01 3.4052e+01 3.6738e+01
-3.6437e+01 -3.3760e+01 -3.0998e+01 -2.8156e+01 -2.5237e+01 -2.2248e+01 -1.9196e+01 -1.6087e+01 -1.2929e+01 -9.7322e+00 -6.5051e+00 -3.2577e+00 0.0000e+00 3.2577e+00 6.5051e+00 9.7322e+00 1.2929e+01 1.6087e+01 1.9196e+01 2.2248e+01 2.5237e+01 2.8156e+01 3.0998e+01 3.3760e+01 3.6437e+01
-3.5646e+01 -3.2997e+01 -3.0270e+01 -2.7470e+01 -2.4602e+01 -2.1672e+01 -1.8686e+01 -1.5650e+01 -1.2572e+01 -9.4592e+00 -6.3208e+00 -3.1648e+00 0.0000e+00 3.1648e+00 6.3208e+00 9.4592e+00 1.2572e+01 1.5650e+01 1.8686e+01 2.1672e+01 2.4602e+01 2.7470e+01 3.0270e+01 3.2997e+01 3.5646e+01
-3.4589e+01 -3.1978e+01 -2.9301e+01 -2.6561e+01 -2.3763e+01 -2.0912e+01 -1.8014e+01 -1.5076e+01 -1.2102e+01 -9.1015e+00 -6.0795e+00 -3.0433e+00 0.0000e+00 3.0433e+00 6.0795e+00 9.1015e+00 1.2102e+01 1.5076e+01 1.8014e+01 2.0912e+01 2.3763e+01 2.6561e+01 2.9301e+01 3.1978e+01 3.4589e+01
-3.3390e+01 -3.0829e+01 -2.8211e+01 -2.5541e+01 -2.2824e+01 -2.0064e+01 -1.7267e+01 -1.4439e+01 -1.1583e+01 -8.7062e+00 -5.8131e+00 -2.9092e+00 0.0000e+00 2.9092e+00 5.8131e+00 8.7062e+00 1.1583e+01 1.4439e+01 1.7267e+01 2.0064e+01 2.2824e+01 2.5541e+01 2.8211e+01 3.0829e+01 3.3390e+01
-3.1877e+01 -2.9383e+01 -2.6845e+01 -2.4268e+01 -2.1656e+01 -1.9014e+01 -1.6345e+01 -1.3654e+01 -1.0945e+01 -8.2212e+00 -5.4867e+00 -2.7451e+00 0.0000e+00 2.7451e+00 5.4867e+00 8.2212e+00 1.0945e+01 1.3654e+01 1.6345e+01 1.9014e+01 2.1656e+01 2.4268e+01 2.6845e+01 2.9383e+01 3.1877e+01
-3.0235e+01 -2.7821e+01 -2.5377e+01 -2.2906e+01 -2.0412e+01 -1.7898e+01 -1.5369e+01 -1.2826e+01 -1.0273e+01 -7.7113e+00 -5.1440e+00 -2.5729e+00 0.0000e+00 2.5729e+00 5.1440e+00 7.7113e+00 1.0273e+01 1.2826e+01 1.5369e+01 1.7898e+01 2.0412e+01 2.2906e+01 2.5377e+01 2.7821e+01 3.0235e+01
-2.8410e+01 -2.6094e+01 -2.3760e+01 -2.1412e+01 -1.9053e+01 -1.6685e+01 -1.4310e+01 -1.1931e+01 -9.5480e+00 -7.1627e+00 -4.7758e+00 -2.3881e+00 0.0000e+00 2.3881e+00 4.7758e+00 7.1627e+00 9.5480e+00 1.1931e+01 1.4310e+01 1.6685e+01 1.9053e+01 2.1412e+01 2.3760e+01 2.6094e+01 2.8410e+01
-2.6427e+01 -2.4227e+01 -2.2022e+01 -1.9814e+01 -1.7605e+01 -1.5397e+01 -1.3191e+01 -1.0987e+01 -8.7851e+00 -6.5863e+00 -4.3895e+00 -2.1944e+00 0.0000e+00 2.1944e+00 4.3895e+00 6.5863e+00 8.7851e+00 1.0987e+01 1.3191e+01 1.5397e+01 1.7605e+01 1.9814e+01 2.2022e+01 2.4227e+01 2.6427e+01
-2.4379e+01 -2.2309e+01 -2.0245e+01 -1.8187e+01 -1.6138e+01 -1.4096e+01 -1.2064e+01 -1.0039e+01 -8.0214e+00 -6.0102e+00 -4.0040e+00 -2.0011e+00 0.0000e+00 2.0011e+00 4.0040e+00 6.0102e+00 8.0214e+00 1.0039e+01 1.2064e+01 1.4096e+01 1.6138e+01 1.8187e+01 2.0245e+01 2.2309e+01 2.4379e+01
-2.2349e+01 -2.0417e+01 -1.8500e+01 -1.6597e+01 -1.4708e+01 -1.2834e+01 -1.0973e+01 -9.1237e+00 -7.2854e+00 -5.4560e+00 -3.6335e+00 -1.8155e+00 0.0000e+00 1.8155e+00 3.6335e+00 5.4560e+00 7.2854e+00 9.1237e+00 1.0973e+01 1.2834e+01 1.4708e+01 1.6597e+01 1.8500e+01 2.0417e+01 2.2349e+01
-2.0398e+01 -1.8608e+01 -1.6838e+01 -1.5088e+01 -1.3356e+01 -1.1643e+01 -9.9467e+00 -8.2650e+00 -6.5961e+00 -4.9377e+00 -3.2873e+00 -1.6423e+00 0.0000e+00 1.6423e+00 3.2873e+00 4.9377e+00 6.5961e+00 8.2650e+00 9.9467e+00 1.1643e+01 1.3356e+01 1.5088e+01 1.6838e+01 1.8608e+01 2.0398e+01
-1.8723e+01 -1.7060e+01 -1.5421e+01 -1.3805e+01 -1.2210e+01 -1.0637e+01 -9.0811e+00 -7.5418e+00 -6.0164e+00 -4.5022e+00 -2.9967e+00 -1.4969e+00 -2.6149e-15 1.4969e+00 2.9967e+00 4.5022e+00 6.0164e+00 7.5418e+00 9.0811e+00 1.0637e+01 1.2210e+01 1.3805e+01 1.5421e+01 1.7060e+01 1.8723e+01
-1.7012e+01 -1.5484e+01 -1.3983e+01 -1.2506e+01 -1.1054e+01 -9.6223e+00 -8.2105e+00 -6.8155e+00 -5.4349e+00 -4.0658e+00 -2.7056e+00 -1.3513e+00 0.0000e+00 1.3513e+00 2.7056e+00 4.0658e+00 5.4349e+00 6.8155e+00 8.2105e+00 9.6223e+00 1.1054e+01 1.2506e+01 1.3983e+01 1.5484e+01 1.7012e+01
-1.5347e+01 -1.3955e+01 -1.2591e+01 -1.1253e+01 -9.9393e+00 -8.6473e+00 -7.3749e+00 -6.1193e+00 -4.8781e+00 -3.6484e+00 -2.4274e+00 -1.2122e+00 0.0000e+00 1.2122e+00 2.4274e+00 3.6484e+00 4.8781e+00 6.1193e+00 7.3749e+00 8.6473e+00 9.9393e+00 1.1253e+01 1.2591e+01 1.3955e+01 1.5347e+01
-1.3783e+01 -1.2523e+01 -1.1290e+01 -1.0084e+01 -8.9018e+00 -7.7409e+00 -6.5991e+00 -5.4737e+00 -4.3622e+00 -3.2619e+00 -2.1699e+00 -1.0835e+00 0.0000e+00 1.0835e+00 2.1699e+00 3.2619e+00 4.3622e+00 5.4737e+00 6.5991e+00 7.7409e+00 8.9018e+00 1.0084e+01 1.1290e+01 1.2523e+01 1.3783e+01
-1.2350e+01 -1.1213e+01 -1.0104e+01 -9.0196e+00 -7.9584e+00 -6.9178e+00 -5.8954e+00 -4.8887e+00 -3.8951e+00 -2.9121e+00 -1.9370e+00 -9.6715e-01 0.0000e+00 9.6715e-01 1.9370e+00 2.9121e+00 3.8951e+00 4.8887e+00 5.8954e+00 6.9178e+00 7.9584e+00 9.0196e+00 1.0104e+01 1.1213e+01 1.2350e+01
-1.1060e+01 -1.0037e+01 -9.0392e+00 -8.0658e+00 -7.1141e+00 -6.1820e+00 -5.2669e+00 -4.3665e+00 -3.4785e+00 -2.6002e+00 -1.7294e+00 -8.6345e-01 0.0000e+00 8.6345e-01 1.7294e+00 2.6002e+00 3.4785e+00 4.3665e+00 5.2669e+00 6.1820e+00 7.1141e+00 8.0658e+00 9.0392e+00 1.0037e+01 1.1060e+01
-1.0007e+01 -9.0773e+00 -8.1723e+00 -7.2899e+00 -6.4281e+00 -5.5845e+00 -4.7569e+00 -3.9431e+00 -3.1407e+00 -2.3475e+00 -1.5612e+00 -7.7945e-01 0.0000e+00 7.7945e-01 1.5612e+00 2.3475e+00 3.1407e+00 3.9431e+00 4.7569e+00 5.5845e+00 6.4281e+00 7.2899e+00 8.1723e+00 9.0773e+00 1.0007e+01
-8.9750e+00 -8.1381e+00 -7.3244e+00 -6.5318e+00 -5.7583e+00 -5.0016e+00 -4.2596e+00 -3.5304e+00 -2.8117e+00 -2.1014e+00 -1.3974e+00 -6.9766e-01 0.0000e+00 6.9766e-01 1.3974e+00 2.1014e+00 2.8117e+00 3.5304e+00 4.2596e+00 5.0016e+00 5.7583e+00 6.5318e+00 7.3244e+00 8.1381e+00 8.9750e+00
-8.0683e+00 -7.3138e+00 -6.5809e+00 -5.8675e+00 -5.1716e+00 -4.4913e+00 -3.8246e+00 -3.1694e+00 -2.5240e+00 -1.8862e+00 -1.2543e+00 -6.2618e-01 0.0000e+00 6.2618e-01 1.2543e+00 1.8862e+00 2.5240e+00 3.1694e+00 3.8246e+00 4.4913e+00 5.1716e+00 5.8675e+00 6.5809e+00 7.3138e+00 8.0683e+00
-7.2219e+00 -6.5450e+00 -5.8879e+00 -5.2487e+00 -4.6255e+00 -4.0165e+00 -3.4198e+00 -2.8338e+00 -2.2565e+00 -1.6863e+00 -1.1213e+00 -5.5975e-01 0.0000e+00 5.5975e-01 1.1213e+00 1.6863e+00 2.2565e+00 2.8338e+00 3.4198e+00 4.0165e+00 4.6255e+00 5.2487e+00 5.8879e+00 6.5450e+00 7.2219e+00
-6.3313e+00 -5.7367e+00 -5.1597e+00 -4.5988e+00 -4.0522e+00 -3.5182e+00 -2.9953e+00 -2.4817e+00 -1.9760e+00 -1.4766e+00 -9.8180e-01 -4.9013e-01 0.0000e+00 4.9013e-01 9.8180e-01 1.4766e+00 1.9760e+00 2.4817e+00 2.9953e+00 3.5182e+00 4.0522e+00 4.5988e+00 5.1597e+00 5.7367e+00 6.3313e+00
-5.6327e+00 -5.1029e+00 -4.5891e+00 -4.0897e+00 -3.6032e+00 -3.1282e+00 -2.6630e+00 -2.2063e+00 -1.7567e+00 -1.3126e+00 -8.7275e-01 -4.3568e-01 0.0000e+00 4.3568e-01 8.7275e-01 1.3126e+00 1.7567e+00 2.2063e+00 2.6630e+00 3.1282e+00 3.6032e+00 4.0897e+00 4.5891e+00 5.1029e+00 5.6327e+00
-5.0702e+00 -4.5929e+00 -4.1300e+00 -3.6803e+00 -3.2423e+00 -2.8146e+00 -2.3959e+00 -1.9850e+00 -1.5804e+00 -1.1808e+00 -7.8513e-01 -3.9193e-01 0.0000e+00 3.9193e-01 7.8513e-01 1.1808e+00 1.5804e+00 1.9850e+00 2.3959e+00 2.8146e+00 3.2423e+00 3.6803e+00 4.1300e+00 4.5929e+00 5.0702e+00
-4.5248e+00 -4.0984e+00 -3.6851e+00 -3.2836e+00 -2.8926e+00 -2.5109e+00 -2.1373e+00 -1.7706e+00 -1.4097e+00 -1.0533e+00 -7.0031e-01 -3.4959e-01 0.0000e+00 3.4959e-01 7.0031e-01 1.0533e+00 1.4097e+00 1.7706e+00 2.1373e+00 2.5109e+00 2.8926e+00 3.2836e+00 3.6851e+00 4.0984e+00 4.5248e+00
-4.0497e+00 -3.6677e+00 -3.2976e+00 -2.9382e+00 -2.5882e+00 -2.2466e+00 -1.9123e+00 -1.5841e+00 -1.2612e+00 -9.4231e-01 -6.2651e-01 -3.1275e-01 0.0000e+00 3.1275e-01 6.2651e-01 9.4231e-01 1.2612e+00 1.5841e+00 1.9123e+00 2.2466e+00 2.5882e+00 2.9382e+00 3.2976e+00 3.6677e+00 4.0497e+00
-3.6088e+00 -3.2683e+00 -2.9383e+00 -2.6179e+00 -2.3060e+00 -2.0015e+00 -1.7036e+00 -1.4113e+00 -1.1235e+00 -8.3946e-01 -5.5812e-01 -2.7860e-01 0.0000e+00 2.7860e-01 5.5812e-01 8.3946e-01 1.1235e+00 1.4113e+00 1.7036e+00 2.0015e+00 2.3060e+00 2.6179e+00 2.9383e+00 3.2683e+00 3.6088e+00
-3.1984e+00 -2.8965e+00 -2.6039e+00 -2.3199e+00 -2.0434e+00 -1.7736e+00 -1.5096e+00 -1.2505e+00 -9.9552e-01 -7.4380e-01 -4.9452e-01 -2.4685e-01 -1.7246e-15 2.4685e-01 4.9452e-01 7.4380e-01 9.9552e-01 1.2505e+00 1.5096e+00 1.7736e+00 2.0434e+00 2.3199e+00 2.6039e+00 2.8965e+00 3.1984e+00
-2.8264e+00 -2.5594e+00 -2.3009e+00 -2.0498e+00 -1.8055e+00 -1.5670e+00 -1.3337e+00 -1.1048e+00 -8.7954e-01 -6.5714e-01 -4.3690e-01 -2.1809e-01 0.0000e+00 2.1809e-01 4.3690e-01 6.5714e-01 8.7954e-01 1.1048e+00 1.3337e+00 1.5670e+00 1.8055e+00 2.0498e+00 2.3009e+00 2.5594e+00 2.8264e+00
-2.4946e+00 -2.2589e+00 -2.0306e+00 -1.8090e+00 -1.5933e+00 -1.3829e+00 -1.1770e+00 -9.7498e-01 -7.7616e-01 -5.7990e-01 -3.8554e-01 -1.9245e-01 0.0000e+00 1.9245e-01 3.8554e-01 5.7990e-01 7.7616e-01 9.7498e-01 1.1770e+00 1.3829e+00 1.5933e+00 1.8090e+00 2.0306e+00 2.2589e+00 2.4946e+00
-2.2015e+00 -1.9935e+00 -1.7920e+00 -1.5964e+00 -1.4061e+00 -1.2203e+00 -1.0386e+00 -8.6035e-01 -6.8490e-01 -5.1171e-01 -3.4020e-01 -1.6982e-01 0.0000e+00 1.6982e-01 3.4020e-01 5.1171e-01 6.8490e-01 8.6035e-01 1.0386e+00 1.2203e+00 1.4061e+00 1.5964e+00 1.7920e+00 1.9935e+00 2.2015e+00
-1.9651e+00 -1.7794e+00 -1.5995e+00 -1.4249e+00 -1.2550e+00 -1.0892e+00 -9.2701e-01 -7.6788e-01 -6.1129e-01 -4.5671e-01 -3.0364e-01 -1.5157e-01 0.0000e+00 1.5157e-01 3.0364e-01 4.5671e-01 6.1129e-01 7.6788e-01 9.2701e-01 1.0892e+00 1.2550e+00 1.4249e+00 1.5995e+00 1.7794e+00 1.9651e+00
-1.7348e+00 -1.5708e+00 -1.4120e+00 -1.2578e+00 -1.1078e+00 -9.6149e-01 -8.1832e-01 -6.7784e-01 -5.3961e-01 -4.0315e-01 -2.6803e-01 -1.3379e-01 0.0000e+00 1.3379e-01 2.6803e-01 4.0315e-01 5.3961e-01 6.7784e-01 8.1832e-01 9.6149e-01 1.1078e+00 1.2578e+00 1.4120e+00 1.5708e+00 1.7348e+00
-1.5188e+00 -1.3752e+00 -1.2361e+00 -1.1012e+00 -9.6985e-01 -8.4172e-01 -7.1637e-01 -5.9340e-01 -4.7238e-01 -3.5293e-01 -2.3464e-01 -1.1713e-01 3.2730e-15 1.1713e-01 2.3464e-01 3.5293e-01 4.7238e-01 5.9340e-01 7.1637e-01 8.4172e-01 9.6985e-01 1.1012e+00 1.2361e+00 1.3752e+00 1.5188e+00
-1.3208e+00 -1.1959e+00 -1.0750e+00 -9.5759e-01 -8.4338e-01 -7.3196e-01 -6.2295e-01 -5.1601e-01 -4.1078e-01 -3.0690e-01 -2.0404e-01 -1.0185e-01 -2.8461e-15 1.0185e-01 2.0404e-01 3.0690e-01 4.1078e-01 5.1601e-01 6.2295e-01 7.3196e-01 8.4338e-01 9.5759e-01 1.0750e+00 1.1959e+00 1.3208e+00
-1.1416e+00 -1.0337e+00 -9.2913e-01 -8.2767e-01 -7.2895e-01 -6.3264e-01 -5.3843e-01 -4.4600e-01 -3.5504e-01 -2.6526e-01 -1.7635e-01 -8.8030e-02 0.0000e+00 8.8030e-02 1.7635e-01 2.6526e-01 3.5504e-01 4.4600e-01 5.3843e-01 6.3264e-01 7.2895e-01 8.2767e-01 9.2913e-01 1.0337e+00 1.1416e+00
-9.8033e-01 -8.8763e-01 -7.9786e-01 -7.1073e-01 -6.2596e-01 -5.4326e-01 -4.6235e-01 -3.8298e-01 -3.0487e-01 -2.2777e-01 -1.5143e-01 -7.5591e-02 0.0000e+00 7.5591e-02 1.5143e-01 2.2777e-01 3.0487e-01 3.8298e-01 4.6235e-01 5.4326e-01 6.2596e-01 7.1073e-01 7.9786e-01 8.8763e-01 9.8033e-01
-8.4718e-01 -7.6706e-01 -6.8948e-01 -6.1419e-01 -5.4093e-01 -4.6946e-01 -3.9954e-01 -3.3095e-01 -2.6346e-01 -1.9683e-01 -1.3086e-01 -6.5322e-02 0.0000e+00 6.5322e-02 1.3086e-01 1.9683e-01 2.6346e-01 3.3095e-01 3.9954e-01 4.6946e-01 5.4093e-01 6.1419e-01 6.8948e-01 7.6706e-01 8.4718e-01
-7.1370e-01 -6.4620e-01 -5.8085e-01 -5.1742e-01 -4.5570e-01 -3.9549e-01 -3.3659e-01 -2.7880e-01 -2.2194e-01 -1.6582e-01 -1.1024e-01 -5.5029e-02 0.0000e+00 5.5029e-02 1.1024e-01 1.6582e-01 2.2194e-01 2.7880e-01 3.3659e-01 3.9549e-01 4.5570e-01 5.1742e-01 5.8085e-01 6.4620e-01 7.1370e-01
-5.9213e-01 -5.3613e-01 -4.8190e-01 -4.2927e-01 -3.7807e-01 -3.2812e-01 -2.7925e-01 -2.3131e-01 -1.8413e-01 -1.3757e-01 -9.1460e-02 -4.5654e-02 0.0000e+00 4.5654e-02 9.1460e-02 1.3757e-01 1.8413e-01 2.3131e-01 2.7925e-01 3.2812e-01 3.7807e-01 4.2927e-01 4.8190e-01 5.3613e-01 5.9213e-01
-4.7263e-01 -4.2793e-01 -3.8465e-01 -3.4264e-01 -3.0177e-01 -2.6189e-01 -2.2289e-01 -1.8463e-01 -1.4697e-01 -1.0980e-01 -7.3001e-02 -3.6440e-02 -3.1918e-15 3.6440e-02 7.3001e-02 1.0980e-01 1.4697e-01 1.8463e-01 2.2289e-01 2.6189e-01 3.0177e-01 3.4264e-01 3.8465e-01 4.2793e-01 4.7263e-01
-3.3649e-01 -3.0467e-01 -2.7385e-01 -2.4394e-01 -2.1484e-01 -1.8646e-01 -1.5869e-01 -1.3144e-01 -1.0464e-01 -7.8175e-02 -5.1973e-02 -2.5944e-02 0.0000e+00 2.5944e-02 5.1973e-02 7.8175e-02 1.0464e-01 1.3144e-01 1.5869e-01 1.8646e-01 2.1484e-01 2.4394e-01 2.7385e-01 3.0467e-01 3.3649e-01
-2.1719e-01 -1.9665e-01 -1.7676e-01 -1.5746e-01 -1.3867e-01 -1.2035e-01 -1.0243e-01 -8.4843e-02 -6.7539e-02 -5.0459e-02 -3.3547e-02 -1.6746e-02 0.0000e+00 1.6746e-02 3.3547e-02 5.0459e-02 6.7539e-02 8.4843e-02 1.0243e-01 1.2035e-01 1.3867e-01 1.5746e-01 1.7676e-01 1.9665e-01 2.1719e-01
-1.0764e-01 -9.7457e-02 -8.7600e-02 -7.8033e-02 -6.8725e-02 -5.9644e-02 -5.0761e-02 -4.2046e-02 -3.3471e-02 -2.5007e-02 -1.6625e-02 -8.2989e-03 0.0000e+00 8.2989e-03 1.6625e-02 2.5007e-02 3.3471e-02 4.2046e-02 5.0761e-02 5.9644e-02 6.8725e-02 7.8033e-02 8.7600e-02 9.7457e-02 1.0764e-01
