1.000000000000000000e+01
1.119999999999999929e+01
1.250000000000000000e+01
1.400000000000000000e+01
1.600000000000000000e+01
1.800000000000000000e+01
2.000000000000000000e+01
2.239999999999999858e+01
2.500000000000000000e+01
2.800000000000000000e+01
3.150000000000000000e+01
3.550000000000000000e+01
4.000000000000000000e+01
4.500000000000000000e+01
5.000000000000000000e+01
5.600000000000000000e+01
6.300000000000000000e+01
7.100000000000000000e+01
8.000000000000000000e+01
9.000000000000000000e+01
1.000000000000000000e+02
1.120000000000000000e+02
1.250000000000000000e+02
1.400000000000000000e+02
1.600000000000000000e+02
1.800000000000000000e+02
2.000000000000000000e+02
2.240000000000000000e+02
2.500000000000000000e+02
2.800000000000000000e+02
3.150000000000000000e+02
3.550000000000000000e+02
4.000000000000000000e+02
4.500000000000000000e+02
5.000000000000000000e+02
5.600000000000000000e+02
6.300000000000000000e+02
7.100000000000000000e+02
8.000000000000000000e+02
9.000000000000000000e+02
1.000000000000000000e+03
1.120000000000000000e+03
1.250000000000000000e+03
1.400000000000000000e+03
1.600000000000000000e+03
1.800000000000000000e+03
2.000000000000000000e+03
2.240000000000000000e+03
2.500000000000000000e+03
2.800000000000000000e+03
3.150000000000000000e+03
3.550000000000000000e+03
4.000000000000000000e+03
4.500000000000000000e+03
5.000000000000000000e+03
5.600000000000000000e+03
6.300000000000000000e+03
7.100000000000000000e+03
8.000000000000000000e+03
9.000000000000000000e+03
1.000000000000000000e+04
1.120000000000000000e+04
1.250000000000000000e+04
1.400000000000000000e+04
1.600000000000000000e+04
1.800000000000000000e+04
2.000000000000000000e+04
