3.3878e-01 3.0674e-01 2.7571e-01 2.4560e-01 2.1631e-01 1.8772e-01 1.5977e-01 1.3234e-01 1.0535e-01 7.8707e-02 5.2327e-02 2.6120e-02 0.0000e+00 -2.6120e-02 -5.2327e-02 -7.8707e-02 -1.0535e-01 -1.3234e-01 -1.5977e-01 -1.8772e-01 -2.1631e-01 -2.4560e-01 -2.7571e-01 -3.0674e-01 -3.3878e-01
3.7943e-01 3.4354e-01 3.0880e-01 2.7507e-01 2.4226e-01 2.1025e-01 1.7894e-01 1.4822e-01 1.1799e-01 8.8151e-02 5.8606e-02 2.9254e-02 0.0000e+00 -2.9254e-02 -5.8606e-02 -8.8151e-02 -1.1799e-01 -1.4822e-01 -1.7894e-01 -2.1025e-01 -2.4226e-01 -2.7507e-01 -3.0880e-01 -3.4354e-01 -3.7943e-01
4.2347e-01 3.8342e-01 3.4464e-01 3.0700e-01 2.7038e-01 2.3465e-01 1.9971e-01 1.6542e-01 1.3168e-01 9.8383e-02 6.5408e-02 3.2650e-02 0.0000e+00 -3.2650e-02 -6.5408e-02 -9.8383e-02 -1.3168e-01 -1.6542e-01 -1.9971e-01 -2.3465e-01 -2.7038e-01 -3.0700e-01 -3.4464e-01 -3.8342e-01 -4.2347e-01
4.7428e-01 4.2942e-01 3.8599e-01 3.4384e-01 3.0282e-01 2.6281e-01 2.2367e-01 1.8527e-01 1.4748e-01 1.1019e-01 7.3256e-02 3.6568e-02 0.0000e+00 -3.6568e-02 -7.3256e-02 -1.1019e-01 -1.4748e-01 -1.8527e-01 -2.2367e-01 -2.6281e-01 -3.0282e-01 -3.4384e-01 -3.8599e-01 -4.2942e-01 -4.7428e-01
5.4202e-01 4.9076e-01 4.4113e-01 3.9295e-01 3.4608e-01 3.0035e-01 2.5562e-01 2.1174e-01 1.6855e-01 1.2593e-01 8.3721e-02 4.1791e-02 0.0000e+00 -4.1791e-02 -8.3721e-02 -1.2593e-01 -1.6855e-01 -2.1174e-01 -2.5562e-01 -3.0035e-01 -3.4608e-01 -3.9295e-01 -4.4113e-01 -4.9076e-01 -5.4202e-01
6.0977e-01 5.5210e-01 4.9626e-01 4.4206e-01 3.8933e-01 3.3789e-01 2.8757e-01 2.3820e-01 1.8962e-01 1.4167e-01 9.4185e-02 4.7015e-02 0.0000e+00 -4.7015e-02 -9.4185e-02 -1.4167e-01 -1.8962e-01 -2.3820e-01 -2.8757e-01 -3.3789e-01 -3.8933e-01 -4.4206e-01 -4.9626e-01 -5.5210e-01 -6.0977e-01
6.7750e-01 6.1343e-01 5.5139e-01 4.9117e-01 4.3258e-01 3.7543e-01 3.1952e-01 2.6466e-01 2.1069e-01 1.5741e-01 1.0465e-01 5.2238e-02 0.0000e+00 -5.2238e-02 -1.0465e-01 -1.5741e-01 -2.1069e-01 -2.6466e-01 -3.1952e-01 -3.7543e-01 -4.3258e-01 -4.9117e-01 -5.5139e-01 -6.1343e-01 -6.7750e-01
7.5878e-01 6.8702e-01 6.1754e-01 5.5010e-01 4.8448e-01 4.2047e-01 3.5785e-01 2.9642e-01 2.3596e-01 1.7629e-01 1.1720e-01 5.8505e-02 0.0000e+00 -5.8505e-02 -1.1720e-01 -1.7629e-01 -2.3596e-01 -2.9642e-01 -3.5785e-01 -4.2047e-01 -4.8448e-01 -5.5010e-01 -6.1754e-01 -6.8702e-01 -7.5878e-01
8.4683e-01 7.6675e-01 6.8920e-01 6.1394e-01 5.4071e-01 4.6927e-01 3.9938e-01 3.3082e-01 2.6335e-01 1.9675e-01 1.3081e-01 6.5295e-02 0.0000e+00 -6.5295e-02 -1.3081e-01 -1.9675e-01 -2.6335e-01 -3.3082e-01 -3.9938e-01 -4.6927e-01 -5.4071e-01 -6.1394e-01 -6.8920e-01 -7.6675e-01 -8.4683e-01
9.4841e-01 8.5872e-01 7.7188e-01 6.8759e-01 6.0557e-01 5.2556e-01 4.4729e-01 3.7050e-01 2.9494e-01 2.2036e-01 1.4650e-01 7.3129e-02 0.0000e+00 -7.3129e-02 -1.4650e-01 -2.2036e-01 -2.9494e-01 -3.7050e-01 -4.4729e-01 -5.2556e-01 -6.0557e-01 -6.8759e-01 -7.7188e-01 -8.5872e-01 -9.4841e-01
1.0669e+00 9.6601e-01 8.6832e-01 7.7350e-01 6.8124e-01 5.9123e-01 5.0318e-01 4.1680e-01 3.3180e-01 2.4789e-01 1.6481e-01 8.2267e-02 0.0000e+00 -8.2267e-02 -1.6481e-01 -2.4789e-01 -3.3180e-01 -4.1680e-01 -5.0318e-01 -5.9123e-01 -6.8124e-01 -7.7350e-01 -8.6832e-01 -9.6601e-01 -1.0669e+00
1.2023e+00 1.0886e+00 9.7852e-01 8.7167e-01 7.6770e-01 6.6628e-01 5.6705e-01 4.6971e-01 3.7391e-01 2.7936e-01 1.8573e-01 9.2710e-02 0.0000e+00 -9.2710e-02 -1.8573e-01 -2.7936e-01 -3.7391e-01 -4.6971e-01 -5.6705e-01 -6.6628e-01 -7.6770e-01 -8.7167e-01 -9.7852e-01 -1.0886e+00 -1.2023e+00
1.3546e+00 1.2265e+00 1.1025e+00 9.8209e-01 8.6496e-01 7.5069e-01 6.3889e-01 5.2922e-01 4.2129e-01 3.1475e-01 2.0926e-01 1.0446e-01 0.0000e+00 -1.0446e-01 -2.0926e-01 -3.1475e-01 -4.2129e-01 -5.2922e-01 -6.3889e-01 -7.5069e-01 -8.6496e-01 -9.8209e-01 -1.1025e+00 -1.2265e+00 -1.3546e+00
1.5237e+00 1.3797e+00 1.2402e+00 1.1048e+00 9.7299e-01 8.4445e-01 7.1870e-01 5.9532e-01 4.7391e-01 3.5407e-01 2.3540e-01 1.1751e-01 0.0000e+00 -1.1751e-01 -2.3540e-01 -3.5407e-01 -4.7391e-01 -5.9532e-01 -7.1870e-01 -8.4445e-01 -9.7299e-01 -1.1048e+00 -1.2402e+00 -1.3797e+00 -1.5237e+00
1.6928e+00 1.5328e+00 1.3778e+00 1.2274e+00 1.0810e+00 9.3820e-01 7.9849e-01 6.6142e-01 5.2653e-01 3.9338e-01 2.6154e-01 1.3055e-01 0.0000e+00 -1.3055e-01 -2.6154e-01 -3.9338e-01 -5.2653e-01 -6.6142e-01 -7.9849e-01 -9.3820e-01 -1.0810e+00 -1.2274e+00 -1.3778e+00 -1.5328e+00 -1.6928e+00
1.8956e+00 1.7164e+00 1.5429e+00 1.3745e+00 1.2106e+00 1.0507e+00 8.9420e-01 7.4070e-01 5.8965e-01 4.4054e-01 2.9289e-01 1.4620e-01 0.0000e+00 -1.4620e-01 -2.9289e-01 -4.4054e-01 -5.8965e-01 -7.4070e-01 -8.9420e-01 -1.0507e+00 -1.2106e+00 -1.3745e+00 -1.5429e+00 -1.7164e+00 -1.8956e+00
2.1321e+00 1.9306e+00 1.7354e+00 1.5460e+00 1.3617e+00 1.1818e+00 1.0058e+00 8.3317e-01 6.6327e-01 4.9554e-01 3.2946e-01 1.6446e-01 0.0000e+00 -1.6446e-01 -3.2946e-01 -4.9554e-01 -6.6327e-01 -8.3317e-01 -1.0058e+00 -1.1818e+00 -1.3617e+00 -1.5460e+00 -1.7354e+00 -1.9306e+00 -2.1321e+00
2.4021e+00 2.1752e+00 1.9553e+00 1.7419e+00 1.5342e+00 1.3316e+00 1.1333e+00 9.3880e-01 7.4736e-01 5.5837e-01 3.7123e-01 1.8531e-01 0.0000e+00 -1.8531e-01 -3.7123e-01 -5.5837e-01 -7.4736e-01 -9.3880e-01 -1.1333e+00 -1.3316e+00 -1.5342e+00 -1.7419e+00 -1.9553e+00 -2.1752e+00 -2.4021e+00
2.7056e+00 2.4500e+00 2.2025e+00 1.9621e+00 1.7282e+00 1.5000e+00 1.2767e+00 1.0576e+00 8.4190e-01 6.2902e-01 4.1820e-01 2.0876e-01 0.0000e+00 -2.0876e-01 -4.1820e-01 -6.2902e-01 -8.4190e-01 -1.0576e+00 -1.2767e+00 -1.5000e+00 -1.7282e+00 -1.9621e+00 -2.2025e+00 -2.4500e+00 -2.7056e+00
3.0424e+00 2.7551e+00 2.4768e+00 2.2066e+00 1.9436e+00 1.6870e+00 1.4358e+00 1.1894e+00 9.4687e-01 7.0745e-01 4.7035e-01 2.3479e-01 0.0000e+00 -2.3479e-01 -4.7035e-01 -7.0745e-01 -9.4687e-01 -1.1894e+00 -1.4358e+00 -1.6870e+00 -1.9436e+00 -2.2066e+00 -2.4768e+00 -2.7551e+00 -3.0424e+00
3.3787e+00 3.0598e+00 2.7508e+00 2.4508e+00 2.1587e+00 1.8737e+00 1.5948e+00 1.3211e+00 1.0517e+00 7.8582e-01 5.2245e-01 2.6080e-01 0.0000e+00 -2.6080e-01 -5.2245e-01 -7.8582e-01 -1.0517e+00 -1.3211e+00 -1.5948e+00 -1.8737e+00 -2.1587e+00 -2.4508e+00 -2.7508e+00 -3.0598e+00 -3.3787e+00
3.7816e+00 3.4248e+00 3.0791e+00 2.7434e+00 2.4165e+00 2.0975e+00 1.7854e+00 1.4790e+00 1.1775e+00 8.7975e-01 5.8491e-01 2.9198e-01 0.0000e+00 -2.9198e-01 -5.8491e-01 -8.7975e-01 -1.1775e+00 -1.4790e+00 -1.7854e+00 -2.0975e+00 -2.4165e+00 -2.7434e+00 -3.0791e+00 -3.4248e+00 -3.7816e+00
4.2170e+00 3.8194e+00 3.4341e+00 3.0598e+00 2.6954e+00 2.3396e+00 1.9915e+00 1.6498e+00 1.3135e+00 9.8138e-01 6.5249e-01 3.2571e-01 0.0000e+00 -3.2571e-01 -6.5249e-01 -9.8138e-01 -1.3135e+00 -1.6498e+00 -1.9915e+00 -2.3396e+00 -2.6954e+00 -3.0598e+00 -3.4341e+00 -3.8194e+00 -4.2170e+00
4.7180e+00 4.2735e+00 3.8426e+00 3.4240e+00 3.0164e+00 2.6184e+00 2.2289e+00 1.8465e+00 1.4701e+00 1.0984e+00 7.3033e-01 3.6458e-01 0.0000e+00 -3.6458e-01 -7.3033e-01 -1.0984e+00 -1.4701e+00 -1.8465e+00 -2.2289e+00 -2.6184e+00 -3.0164e+00 -3.4240e+00 -3.8426e+00 -4.2735e+00 -4.7180e+00
5.3833e+00 4.8767e+00 4.3855e+00 3.9081e+00 3.4431e+00 2.9891e+00 2.5445e+00 2.1081e+00 1.6785e+00 1.2542e+00 8.3388e-01 4.1627e-01 0.0000e+00 -4.1627e-01 -8.3388e-01 -1.2542e+00 -1.6785e+00 -2.1081e+00 -2.5445e+00 -2.9891e+00 -3.4431e+00 -3.9081e+00 -4.3855e+00 -4.8767e+00 -5.3833e+00
6.0452e+00 5.4771e+00 4.9260e+00 4.3902e+00 3.8682e+00 3.3584e+00 2.8591e+00 2.3689e+00 1.8861e+00 1.4094e+00 9.3711e-01 4.6781e-01 0.0000e+00 -4.6781e-01 -9.3711e-01 -1.4094e+00 -1.8861e+00 -2.3689e+00 -2.8591e+00 -3.3584e+00 -3.8682e+00 -4.3902e+00 -4.9260e+00 -5.4771e+00 -6.0452e+00
6.7033e+00 6.0743e+00 5.4638e+00 4.8701e+00 4.2915e+00 3.7262e+00 3.1725e+00 2.6287e+00 2.0931e+00 1.5641e+00 1.0400e+00 5.1918e-01 0.0000e+00 -5.1918e-01 -1.0400e+00 -1.5641e+00 -2.0931e+00 -2.6287e+00 -3.1725e+00 -3.7262e+00 -4.2915e+00 -4.8701e+00 -5.4638e+00 -6.0743e+00 -6.7033e+00
7.4874e+00 6.7862e+00 6.1053e+00 5.4427e+00 4.7967e+00 4.1653e+00 3.5467e+00 2.9390e+00 2.3403e+00 1.7489e+00 1.1629e+00 5.8057e-01 0.0000e+00 -5.8057e-01 -1.1629e+00 -1.7489e+00 -2.3403e+00 -2.9390e+00 -3.5467e+00 -4.1653e+00 -4.7967e+00 -5.4427e+00 -6.1053e+00 -6.7862e+00 -7.4874e+00
8.3293e+00 7.5511e+00 6.7948e+00 6.0586e+00 5.3404e+00 4.6380e+00 3.9497e+00 3.2732e+00 2.6067e+00 1.9481e+00 1.2954e+00 6.4672e-01 0.0000e+00 -6.4672e-01 -1.2954e+00 -1.9481e+00 -2.6067e+00 -3.2732e+00 -3.9497e+00 -4.6380e+00 -5.3404e+00 -6.0586e+00 -6.7948e+00 -7.5511e+00 -8.3293e+00
9.2900e+00 8.4246e+00 7.5829e+00 6.7629e+00 5.9624e+00 5.1792e+00 4.4111e+00 3.6561e+00 2.9119e+00 2.1763e+00 1.4473e+00 7.2256e-01 0.0000e+00 -7.2256e-01 -1.4473e+00 -2.1763e+00 -2.9119e+00 -3.6561e+00 -4.4111e+00 -5.1792e+00 -5.9624e+00 -6.7629e+00 -7.5829e+00 -8.4246e+00 -9.2900e+00
1.0395e+01 9.4301e+00 8.4909e+00 7.5750e+00 6.6801e+00 5.8040e+00 4.9442e+00 4.0986e+00 3.2647e+00 2.4403e+00 1.6229e+00 8.1028e-01 0.0000e+00 -8.1028e-01 -1.6229e+00 -2.4403e+00 -3.2647e+00 -4.0986e+00 -4.9442e+00 -5.8040e+00 -6.6801e+00 -7.5750e+00 -8.4909e+00 -9.4301e+00 -1.0395e+01
1.1634e+01 1.0560e+01 9.5122e+00 8.4894e+00 7.4890e+00 6.5086e+00 5.5458e+00 4.5982e+00 3.6633e+00 2.7385e+00 1.8214e+00 9.0944e-01 0.0000e+00 -9.0944e-01 -1.8214e+00 -2.7385e+00 -3.6633e+00 -4.5982e+00 -5.5458e+00 -6.5086e+00 -7.4890e+00 -8.4894e+00 -9.5122e+00 -1.0560e+01 -1.1634e+01
1.2996e+01 1.1803e+01 1.0638e+01 9.4986e+00 8.3827e+00 7.2879e+00 6.2117e+00 5.1516e+00 4.1050e+00 3.0692e+00 2.0416e+00 1.0194e+00 0.0000e+00 -1.0194e+00 -2.0416e+00 -3.0692e+00 -4.1050e+00 -5.1516e+00 -6.2117e+00 -7.2879e+00 -8.3827e+00 -9.4986e+00 -1.0638e+01 -1.1803e+01 -1.2996e+01
1.4466e+01 1.3148e+01 1.1858e+01 1.0594e+01 9.3537e+00 8.1356e+00 6.9368e+00 5.7547e+00 4.5867e+00 3.4300e+00 2.2819e+00 1.1395e+00 0.0000e+00 -1.1395e+00 -2.2819e+00 -3.4300e+00 -4.5867e+00 -5.7547e+00 -6.9368e+00 -8.1356e+00 -9.3537e+00 -1.0594e+01 -1.1858e+01 -1.3148e+01 -1.4466e+01
1.5887e+01 1.4451e+01 1.3042e+01 1.1659e+01 1.0300e+01 8.9624e+00 7.6448e+00 6.3441e+00 5.0578e+00 3.7831e+00 2.5172e+00 1.2571e+00 0.0000e+00 -1.2571e+00 -2.5172e+00 -3.7831e+00 -5.0578e+00 -6.3441e+00 -7.6448e+00 -8.9624e+00 -1.0300e+01 -1.1659e+01 -1.3042e+01 -1.4451e+01 -1.5887e+01
1.7525e+01 1.5956e+01 1.4413e+01 1.2894e+01 1.1399e+01 9.9249e+00 8.4701e+00 7.0320e+00 5.6081e+00 4.1958e+00 2.7923e+00 1.3947e+00 0.0000e+00 -1.3947e+00 -2.7923e+00 -4.1958e+00 -5.6081e+00 -7.0320e+00 -8.4701e+00 -9.9249e+00 -1.1399e+01 -1.2894e+01 -1.4413e+01 -1.5956e+01 -1.7525e+01
1.9337e+01 1.7627e+01 1.5939e+01 1.4274e+01 1.2629e+01 1.1004e+01 9.3968e+00 7.8055e+00 6.2277e+00 4.6609e+00 3.1025e+00 1.5498e+00 0.0000e+00 -1.5498e+00 -3.1025e+00 -4.6609e+00 -6.2277e+00 -7.8055e+00 -9.3968e+00 -1.1004e+01 -1.2629e+01 -1.4274e+01 -1.5939e+01 -1.7627e+01 -1.9337e+01
2.1275e+01 1.9420e+01 1.7583e+01 1.5764e+01 1.3961e+01 1.2176e+01 1.0405e+01 8.6486e+00 6.9039e+00 5.1690e+00 3.4418e+00 1.7196e+00 0.0000e+00 -1.7196e+00 -3.4418e+00 -5.1690e+00 -6.9039e+00 -8.6486e+00 -1.0405e+01 -1.2176e+01 -1.3961e+01 -1.5764e+01 -1.7583e+01 -1.9420e+01 -2.1275e+01
2.3283e+01 2.1287e+01 1.9301e+01 1.7326e+01 1.5363e+01 1.3412e+01 1.1472e+01 9.5420e+00 7.6216e+00 5.7091e+00 3.8026e+00 1.9002e+00 0.0000e+00 -1.9002e+00 -3.8026e+00 -5.7091e+00 -7.6216e+00 -9.5420e+00 -1.1472e+01 -1.3412e+01 -1.5363e+01 -1.7326e+01 -1.9301e+01 -2.1287e+01 -2.3283e+01
2.5303e+01 2.3173e+01 2.1044e+01 1.8918e+01 1.6796e+01 1.4679e+01 1.2568e+01 1.0463e+01 8.3630e+00 6.2678e+00 4.1763e+00 2.0875e+00 0.0000e+00 -2.0875e+00 -4.1763e+00 -6.2678e+00 -8.3630e+00 -1.0463e+01 -1.2568e+01 -1.4679e+01 -1.6796e+01 -1.8918e+01 -2.1044e+01 -2.3173e+01 -2.5303e+01
2.7106e+01 2.4865e+01 2.2615e+01 2.0359e+01 1.8098e+01 1.5835e+01 1.3571e+01 1.1307e+01 9.0437e+00 6.7815e+00 4.5203e+00 2.2600e+00 0.0000e+00 -2.2600e+00 -4.5203e+00 -6.7815e+00 -9.0437e+00 -1.1307e+01 -1.3571e+01 -1.5835e+01 -1.8098e+01 -2.0359e+01 -2.2615e+01 -2.4865e+01 -2.7106e+01
2.8999e+01 2.6651e+01 2.4280e+01 2.1892e+01 1.9489e+01 1.7074e+01 1.4649e+01 1.2217e+01 9.7796e+00 7.3379e+00 4.8934e+00 2.4471e+00 0.0000e+00 -2.4471e+00 -4.8934e+00 -7.3379e+00 -9.7796e+00 -1.2217e+01 -1.4649e+01 -1.7074e+01 -1.9489e+01 -2.1892e+01 -2.4280e+01 -2.6651e+01 -2.8999e+01
3.0742e+01 2.8303e+01 2.5829e+01 2.3324e+01 2.0794e+01 1.8240e+01 1.5668e+01 1.3079e+01 1.0478e+01 7.8670e+00 5.2486e+00 2.6255e+00 0.0000e+00 -2.6255e+00 -5.2486e+00 -7.8670e+00 -1.0478e+01 -1.3079e+01 -1.5668e+01 -1.8240e+01 -2.0794e+01 -2.3324e+01 -2.5829e+01 -2.8303e+01 -3.0742e+01
3.2395e+01 2.9877e+01 2.7311e+01 2.4701e+01 2.2053e+01 1.9371e+01 1.6658e+01 1.3920e+01 1.1161e+01 8.3854e+00 5.5971e+00 2.8006e+00 0.0000e+00 -2.8006e+00 -5.5971e+00 -8.3854e+00 -1.1161e+01 -1.3920e+01 -1.6658e+01 -1.9371e+01 -2.2053e+01 -2.4701e+01 -2.7311e+01 -2.9877e+01 -3.2395e+01
3.4080e+01 3.1490e+01 2.8837e+01 2.6127e+01 2.3363e+01 2.0550e+01 1.7696e+01 1.4804e+01 1.1881e+01 8.9326e+00 5.9656e+00 2.9860e+00 0.0000e+00 -2.9860e+00 -5.9656e+00 -8.9326e+00 -1.1881e+01 -1.4804e+01 -1.7696e+01 -2.0550e+01 -2.3363e+01 -2.6127e+01 -2.8837e+01 -3.1490e+01 -3.4080e+01
3.5272e+01 3.2636e+01 2.9926e+01 2.7147e+01 2.4304e+01 2.1402e+01 1.8446e+01 1.5445e+01 1.2404e+01 9.3316e+00 6.2346e+00 3.1214e+00 -4.5923e-15 -3.1214e+00 -6.2346e+00 -9.3316e+00 -1.2404e+01 -1.5445e+01 -1.8446e+01 -2.1402e+01 -2.4304e+01 -2.7147e+01 -2.9926e+01 -3.2636e+01 -3.5272e+01
3.6062e+01 3.3398e+01 3.0652e+01 2.7830e+01 2.4936e+01 2.1974e+01 1.8953e+01 1.5879e+01 1.2759e+01 9.6022e+00 6.4173e+00 3.2134e+00 0.0000e+00 -3.2134e+00 -6.4173e+00 -9.6022e+00 -1.2759e+01 -1.5879e+01 -1.8953e+01 -2.1974e+01 -2.4936e+01 -2.7830e+01 -3.0652e+01 -3.3398e+01 -3.6062e+01
3.6590e+01 3.3908e+01 3.1140e+01 2.8289e+01 2.5361e+01 2.2361e+01 1.9295e+01 1.6172e+01 1.2999e+01 9.7856e+00 6.5412e+00 3.2759e+00 0.0000e+00 -3.2759e+00 -6.5412e+00 -9.7856e+00 -1.2999e+01 -1.6172e+01 -1.9295e+01 -2.2361e+01 -2.5361e+01 -2.8289e+01 -3.1140e+01 -3.3908e+01 -3.6590e+01
3.6761e+01 3.4074e+01 3.1298e+01 2.8439e+01 2.5500e+01 2.2487e+01 1.9407e+01 1.6268e+01 1.3078e+01 9.8458e+00 6.5819e+00 3.2964e+00 0.0000e+00 -3.2964e+00 -6.5819e+00 -9.8458e+00 -1.3078e+01 -1.6268e+01 -1.9407e+01 -2.2487e+01 -2.5500e+01 -2.8439e+01 -3.1298e+01 -3.4074e+01 -3.6761e+01
3.6577e+01 3.3895e+01 3.1128e+01 2.8278e+01 2.5350e+01 2.2351e+01 1.9287e+01 1.6165e+01 1.2993e+01 9.7811e+00 6.5382e+00 3.2744e+00 0.0000e+00 -3.2744e+00 -6.5382e+00 -9.7811e+00 -1.2993e+01 -1.6165e+01 -1.9287e+01 -2.2351e+01 -2.5350e+01 -2.8278e+01 -3.1128e+01 -3.3895e+01 -3.6577e+01
3.5997e+01 3.3335e+01 3.0593e+01 2.7774e+01 2.4883e+01 2.1927e+01 1.8911e+01 1.5843e+01 1.2729e+01 9.5797e+00 6.4021e+00 3.2058e+00 0.0000e+00 -3.2058e+00 -6.4021e+00 -9.5797e+00 -1.2729e+01 -1.5843e+01 -1.8911e+01 -2.1927e+01 -2.4883e+01 -2.7774e+01 -3.0593e+01 -3.3335e+01 -3.5997e+01
3.5019e+01 3.2393e+01 2.9695e+01 2.6930e+01 2.4103e+01 2.1220e+01 1.8286e+01 1.5308e+01 1.2292e+01 9.2461e+00 6.1770e+00 3.0924e+00 0.0000e+00 -3.0924e+00 -6.1770e+00 -9.2461e+00 -1.2292e+01 -1.5308e+01 -1.8286e+01 -2.1220e+01 -2.4103e+01 -2.6930e+01 -2.9695e+01 -3.2393e+01 -3.5019e+01
3.3682e+01 3.1108e+01 2.8475e+01 2.5787e+01 2.3051e+01 2.0269e+01 1.7448e+01 1.4592e+01 1.1708e+01 8.8013e+00 5.8771e+00 2.9415e+00 0.0000e+00 -2.9415e+00 -5.8771e+00 -8.8013e+00 -1.1708e+01 -1.4592e+01 -1.7448e+01 -2.0269e+01 -2.3051e+01 -2.5787e+01 -2.8475e+01 -3.1108e+01 -3.3682e+01
3.2047e+01 2.9544e+01 2.6997e+01 2.4410e+01 2.1786e+01 1.9131e+01 1.6448e+01 1.3741e+01 1.1016e+01 8.2748e+00 5.5227e+00 2.7632e+00 0.0000e+00 -2.7632e+00 -5.5227e+00 -8.2748e+00 -1.1016e+01 -1.3741e+01 -1.6448e+01 -1.9131e+01 -2.1786e+01 -2.4410e+01 -2.6997e+01 -2.9544e+01 -3.2047e+01
3.0359e+01 2.7939e+01 2.5487e+01 2.3008e+01 2.0505e+01 1.7982e+01 1.5442e+01 1.2888e+01 1.0323e+01 7.7492e+00 5.1695e+00 2.5857e+00 0.0000e+00 -2.5857e+00 -5.1695e+00 -7.7492e+00 -1.0323e+01 -1.2888e+01 -1.5442e+01 -1.7982e+01 -2.0505e+01 -2.3008e+01 -2.5487e+01 -2.7939e+01 -3.0359e+01
2.8351e+01 2.6039e+01 2.3709e+01 2.1365e+01 1.9010e+01 1.6647e+01 1.4277e+01 1.1903e+01 9.5252e+00 7.1454e+00 4.7643e+00 2.3823e+00 0.0000e+00 -2.3823e+00 -4.7643e+00 -7.1454e+00 -9.5252e+00 -1.1903e+01 -1.4277e+01 -1.6647e+01 -1.9010e+01 -2.1365e+01 -2.3709e+01 -2.6039e+01 -2.8351e+01
2.6105e+01 2.3925e+01 2.1741e+01 1.9556e+01 1.7372e+01 1.5190e+01 1.3011e+01 1.0836e+01 8.6635e+00 6.4944e+00 4.3280e+00 2.1635e+00 0.0000e+00 -2.1635e+00 -4.3280e+00 -6.4944e+00 -8.6635e+00 -1.0836e+01 -1.3011e+01 -1.5190e+01 -1.7372e+01 -1.9556e+01 -2.1741e+01 -2.3925e+01 -2.6105e+01
2.3711e+01 2.1685e+01 1.9668e+01 1.7661e+01 1.5664e+01 1.3678e+01 1.1702e+01 9.7349e+00 7.7768e+00 5.8259e+00 3.8807e+00 1.9394e+00 0.0000e+00 -1.9394e+00 -3.8807e+00 -5.8259e+00 -7.7768e+00 -9.7349e+00 -1.1702e+01 -1.3678e+01 -1.5664e+01 -1.7661e+01 -1.9668e+01 -2.1685e+01 -2.3711e+01
2.1255e+01 1.9402e+01 1.7566e+01 1.5748e+01 1.3947e+01 1.2163e+01 1.0395e+01 8.6398e+00 6.8968e+00 5.1637e+00 3.4382e+00 1.7178e+00 0.0000e+00 -1.7178e+00 -3.4382e+00 -5.1637e+00 -6.8968e+00 -8.6398e+00 -1.0395e+01 -1.2163e+01 -1.3947e+01 -1.5748e+01 -1.7566e+01 -1.9402e+01 -2.1255e+01
1.8806e+01 1.7136e+01 1.5490e+01 1.3868e+01 1.2267e+01 1.0686e+01 9.1236e+00 7.5773e+00 6.0448e+00 4.5235e+00 3.0109e+00 1.5040e+00 0.0000e+00 -1.5040e+00 -3.0109e+00 -4.5235e+00 -6.0448e+00 -7.5773e+00 -9.1236e+00 -1.0686e+01 -1.2267e+01 -1.3868e+01 -1.5490e+01 -1.7136e+01 -1.8806e+01
1.6616e+01 1.5120e+01 1.3651e+01 1.2208e+01 1.0788e+01 9.3896e+00 8.0108e+00 6.6491e+00 5.3017e+00 3.9660e+00 2.6391e+00 1.3181e+00 0.0000e+00 -1.3181e+00 -2.6391e+00 -3.9660e+00 -5.3017e+00 -6.6491e+00 -8.0108e+00 -9.3896e+00 -1.0788e+01 -1.2208e+01 -1.3651e+01 -1.5120e+01 -1.6616e+01
1.4277e+01 1.2975e+01 1.1700e+01 1.0452e+01 9.2284e+00 8.0261e+00 6.8431e+00 5.6767e+00 4.5244e+00 3.3833e+00 2.2508e+00 1.1240e+00 0.0000e+00 -1.1240e+00 -2.2508e+00 -3.3833e+00 -4.5244e+00 -5.6767e+00 -6.8431e+00 -8.0261e+00 -9.2284e+00 -1.0452e+01 -1.1700e+01 -1.2975e+01 -1.4277e+01
1.2030e+01 1.0921e+01 9.8389e+00 8.7821e+00 7.7481e+00 6.7345e+00 5.7387e+00 4.7585e+00 3.7912e+00 2.8343e+00 1.8852e+00 9.4129e-01 0.0000e+00 -9.4129e-01 -1.8852e+00 -2.8343e+00 -3.7912e+00 -4.7585e+00 -5.7387e+00 -6.7345e+00 -7.7481e+00 -8.7821e+00 -9.8389e+00 -1.0921e+01 -1.2030e+01
9.7249e+00 8.8203e+00 7.9402e+00 7.0824e+00 6.2447e+00 5.4248e+00 4.6207e+00 3.8300e+00 3.0506e+00 2.2801e+00 1.5163e+00 7.5703e-01 0.0000e+00 -7.5703e-01 -1.5163e+00 -2.2801e+00 -3.0506e+00 -3.8300e+00 -4.6207e+00 -5.4248e+00 -6.2447e+00 -7.0824e+00 -7.9402e+00 -8.8203e+00 -9.7249e+00
7.0020e+00 6.3455e+00 5.7081e+00 5.0882e+00 4.4839e+00 3.8934e+00 3.3149e+00 2.7468e+00 2.1872e+00 1.6344e+00 1.0868e+00 5.4254e-01 0.0000e+00 -5.4254e-01 -1.0868e+00 -1.6344e+00 -2.1872e+00 -2.7468e+00 -3.3149e+00 -3.8934e+00 -4.4839e+00 -5.0882e+00 -5.7081e+00 -6.3455e+00 -7.0020e+00
4.5507e+00 4.1218e+00 3.7062e+00 3.3023e+00 2.9091e+00 2.5253e+00 2.1496e+00 1.7808e+00 1.4178e+00 1.0593e+00 7.0432e-01 3.5159e-01 0.0000e+00 -3.5159e-01 -7.0432e-01 -1.0593e+00 -1.4178e+00 -1.7808e+00 -2.1496e+00 -2.5253e+00 -2.9091e+00 -3.3023e+00 -3.7062e+00 -4.1218e+00 -4.5507e+00
2.2637e+00 2.0497e+00 1.8426e+00 1.6415e+00 1.4457e+00 1.2548e+00 1.0679e+00 8.8464e-01 7.0424e-01 5.2616e-01 3.4981e-01 1.7462e-01 0.0000e+00 -1.7462e-01 -3.4981e-01 -5.2616e-01 -7.0424e-01 -8.8464e-01 -1.0679e+00 -1.2548e+00 -1.4457e+00 -1.6415e+00 -1.8426e+00 -2.0497e+00 -2.2637e+00
