2.5371e-04 2.2217e-04 1.9359e-04 1.6757e-04 1.4378e-04 1.2190e-04 1.0163e-04 8.2710e-05 6.4888e-05 4.7927e-05 3.1603e-05 1.5697e-05 0.0000e+00 -1.5697e-05 -3.1603e-05 -4.7927e-05 -6.4888e-05 -8.2710e-05 -1.0163e-04 -1.2190e-04 -1.4378e-04 -1.6757e-04 -1.9359e-04 -2.2217e-04 -2.5371e-04
3.1825e-04 2.7869e-04 2.4284e-04 2.1020e-04 1.8036e-04 1.5291e-04 1.2748e-04 1.0375e-04 8.1395e-05 6.0120e-05 3.9642e-05 1.9690e-05 0.0000e+00 -1.9690e-05 -3.9642e-05 -6.0120e-05 -8.1395e-05 -1.0375e-04 -1.2748e-04 -1.5291e-04 -1.8036e-04 -2.1020e-04 -2.4284e-04 -2.7869e-04 -3.1825e-04
3.9641e-04 3.4714e-04 3.0248e-04 2.6183e-04 2.2466e-04 1.9046e-04 1.5879e-04 1.2923e-04 1.0139e-04 7.4886e-05 4.9379e-05 2.4527e-05 0.0000e+00 -2.4527e-05 -4.9379e-05 -7.4886e-05 -1.0139e-04 -1.2923e-04 -1.5879e-04 -1.9046e-04 -2.2466e-04 -2.6183e-04 -3.0248e-04 -3.4714e-04 -3.9641e-04
4.9725e-04 4.3545e-04 3.7943e-04 3.2844e-04 2.8181e-04 2.3891e-04 1.9919e-04 1.6211e-04 1.2718e-04 9.3936e-05 6.1940e-05 3.0766e-05 0.0000e+00 -3.0766e-05 -6.1940e-05 -9.3936e-05 -1.2718e-04 -1.6211e-04 -1.9919e-04 -2.3891e-04 -2.8181e-04 -3.2844e-04 -3.7943e-04 -4.3545e-04 -4.9725e-04
6.4946e-04 5.6874e-04 4.9557e-04 4.2897e-04 3.6807e-04 3.1204e-04 2.6016e-04 2.1173e-04 1.6611e-04 1.2269e-04 8.0901e-05 4.0184e-05 0.0000e+00 -4.0184e-05 -8.0901e-05 -1.2269e-04 -1.6611e-04 -2.1173e-04 -2.6016e-04 -3.1204e-04 -3.6807e-04 -4.2897e-04 -4.9557e-04 -5.6874e-04 -6.4946e-04
8.2195e-04 7.1980e-04 6.2719e-04 5.4291e-04 4.6583e-04 3.9493e-04 3.2926e-04 2.6797e-04 2.1023e-04 1.5528e-04 1.0239e-04 5.0857e-05 0.0000e+00 -5.0857e-05 -1.0239e-04 -1.5528e-04 -2.1023e-04 -2.6797e-04 -3.2926e-04 -3.9493e-04 -4.6583e-04 -5.4291e-04 -6.2719e-04 -7.1980e-04 -8.2195e-04
1.0147e-03 8.8862e-04 7.7430e-04 6.7025e-04 5.7509e-04 4.8756e-04 4.0649e-04 3.3082e-04 2.5954e-04 1.9170e-04 1.2640e-04 6.2786e-05 0.0000e+00 -6.2786e-05 -1.2640e-04 -1.9170e-04 -2.5954e-04 -3.3082e-04 -4.0649e-04 -4.8756e-04 -5.7509e-04 -6.7025e-04 -7.7430e-04 -8.8862e-04 -1.0147e-03
1.2728e-03 1.1147e-03 9.7125e-04 8.4074e-04 7.2137e-04 6.1158e-04 5.0989e-04 4.1497e-04 3.2556e-04 2.4046e-04 1.5856e-04 7.8757e-05 0.0000e+00 -7.8757e-05 -1.5856e-04 -2.4046e-04 -3.2556e-04 -4.1497e-04 -5.0989e-04 -6.1158e-04 -7.2137e-04 -8.4074e-04 -9.7125e-04 -1.1147e-03 -1.2728e-03
1.5854e-03 1.3884e-03 1.2098e-03 1.0472e-03 8.9853e-04 7.6177e-04 6.3512e-04 5.1689e-04 4.0551e-04 2.9952e-04 1.9750e-04 9.8099e-05 0.0000e+00 -9.8099e-05 -1.9750e-04 -2.9952e-04 -4.0551e-04 -5.1689e-04 -6.3512e-04 -7.6177e-04 -8.9853e-04 -1.0472e-03 -1.2098e-03 -1.3884e-03 -1.5854e-03
1.9886e-03 1.7415e-03 1.5175e-03 1.3136e-03 1.1271e-03 9.5553e-04 7.9666e-04 6.4836e-04 5.0866e-04 3.7571e-04 2.4774e-04 1.2305e-04 0.0000e+00 -1.2305e-04 -2.4774e-04 -3.7571e-04 -5.0866e-04 -6.4836e-04 -7.9666e-04 -9.5553e-04 -1.1271e-03 -1.3136e-03 -1.5175e-03 -1.7415e-03 -1.9886e-03
2.5167e-03 2.2039e-03 1.9204e-03 1.6624e-03 1.4264e-03 1.2093e-03 1.0082e-03 8.2055e-04 6.4375e-04 4.7549e-04 3.1353e-04 1.5573e-04 0.0000e+00 -1.5573e-04 -3.1353e-04 -4.7549e-04 -6.4375e-04 -8.2055e-04 -1.0082e-03 -1.2093e-03 -1.4264e-03 -1.6624e-03 -1.9204e-03 -2.2039e-03 -2.5167e-03
3.1961e-03 2.7990e-03 2.4390e-03 2.1113e-03 1.8115e-03 1.5358e-03 1.2805e-03 1.0421e-03 8.1759e-04 6.0389e-04 3.9820e-04 1.9779e-04 0.0000e+00 -1.9779e-04 -3.9820e-04 -6.0389e-04 -8.1759e-04 -1.0421e-03 -1.2805e-03 -1.5358e-03 -1.8115e-03 -2.1113e-03 -2.4390e-03 -2.7990e-03 -3.1961e-03
4.0573e-03 3.5532e-03 3.0962e-03 2.6802e-03 2.2997e-03 1.9497e-03 1.6256e-03 1.3230e-03 1.0379e-03 7.6665e-04 5.0552e-04 2.5110e-04 0.0000e+00 -2.5110e-04 -5.0552e-04 -7.6665e-04 -1.0379e-03 -1.3230e-03 -1.6256e-03 -1.9497e-03 -2.2997e-03 -2.6802e-03 -3.0962e-03 -3.5532e-03 -4.0573e-03
5.1343e-03 4.4965e-03 3.9182e-03 3.3918e-03 2.9103e-03 2.4674e-03 2.0572e-03 1.6743e-03 1.3136e-03 9.7022e-04 6.3976e-04 3.1777e-04 0.0000e+00 -3.1777e-04 -6.3976e-04 -9.7022e-04 -1.3136e-03 -1.6743e-03 -2.0572e-03 -2.4674e-03 -2.9103e-03 -3.3918e-03 -3.9182e-03 -4.4965e-03 -5.1343e-03
6.3377e-03 5.5504e-03 4.8366e-03 4.1869e-03 3.5926e-03 3.0459e-03 2.5395e-03 2.0668e-03 1.6215e-03 1.1977e-03 7.8977e-04 3.9228e-04 0.0000e+00 -3.9228e-04 -7.8977e-04 -1.1977e-03 -1.6215e-03 -2.0668e-03 -2.5395e-03 -3.0459e-03 -3.5926e-03 -4.1869e-03 -4.8366e-03 -5.5504e-03 -6.3377e-03
7.9484e-03 6.9611e-03 6.0660e-03 5.2512e-03 4.5059e-03 3.8203e-03 3.1852e-03 2.5924e-03 2.0338e-03 1.5023e-03 9.9058e-04 4.9203e-04 0.0000e+00 -4.9203e-04 -9.9058e-04 -1.5023e-03 -2.0338e-03 -2.5924e-03 -3.1852e-03 -3.8203e-03 -4.5059e-03 -5.2512e-03 -6.0660e-03 -6.9611e-03 -7.9484e-03
1.0057e-02 8.8080e-03 7.6756e-03 6.6447e-03 5.7017e-03 4.8342e-03 4.0306e-03 3.2805e-03 2.5737e-03 1.9010e-03 1.2535e-03 6.2265e-04 0.0000e+00 -6.2265e-04 -1.2535e-03 -1.9010e-03 -2.5737e-03 -3.2805e-03 -4.0306e-03 -4.8342e-03 -5.7017e-03 -6.6447e-03 -7.6756e-03 -8.8080e-03 -1.0057e-02
1.2769e-02 1.1183e-02 9.7459e-03 8.4372e-03 7.2400e-03 6.1385e-03 5.1182e-03 4.1657e-03 3.2683e-03 2.4141e-03 1.5918e-03 7.9069e-04 0.0000e+00 -7.9069e-04 -1.5918e-03 -2.4141e-03 -3.2683e-03 -4.1657e-03 -5.1182e-03 -6.1385e-03 -7.2400e-03 -8.4372e-03 -9.7459e-03 -1.1183e-02 -1.2769e-02
1.6204e-02 1.4193e-02 1.2369e-02 1.0708e-02 9.1890e-03 7.7912e-03 6.4964e-03 5.2874e-03 4.1484e-03 3.0642e-03 2.0206e-03 1.0036e-03 0.0000e+00 -1.0036e-03 -2.0206e-03 -3.0642e-03 -4.1484e-03 -5.2874e-03 -6.4964e-03 -7.7912e-03 -9.1890e-03 -1.0708e-02 -1.2369e-02 -1.4193e-02 -1.6204e-02
2.0497e-02 1.7954e-02 1.5647e-02 1.3547e-02 1.1625e-02 9.8573e-03 8.2193e-03 6.6899e-03 5.2488e-03 3.8771e-03 2.5566e-03 1.2699e-03 0.0000e+00 -1.2699e-03 -2.5566e-03 -3.8771e-03 -5.2488e-03 -6.6899e-03 -8.2193e-03 -9.8573e-03 -1.1625e-02 -1.3547e-02 -1.5647e-02 -1.7954e-02 -2.0497e-02
2.5289e-02 2.2153e-02 1.9308e-02 1.6717e-02 1.4346e-02 1.2165e-02 1.0144e-02 8.2563e-03 6.4779e-03 4.7850e-03 3.1553e-03 1.5673e-03 0.0000e+00 -1.5673e-03 -3.1553e-03 -4.7850e-03 -6.4779e-03 -8.2563e-03 -1.0144e-02 -1.2165e-02 -1.4346e-02 -1.6717e-02 -1.9308e-02 -2.2153e-02 -2.5289e-02
3.1696e-02 2.7767e-02 2.4203e-02 2.0957e-02 1.7986e-02 1.5251e-02 1.2718e-02 1.0352e-02 8.1224e-03 5.9999e-03 3.9565e-03 1.9653e-03 0.0000e+00 -1.9653e-03 -3.9565e-03 -5.9999e-03 -8.1224e-03 -1.0352e-02 -1.2718e-02 -1.5251e-02 -1.7986e-02 -2.0957e-02 -2.4203e-02 -2.7767e-02 -3.1696e-02
3.9441e-02 3.4556e-02 3.0123e-02 2.6084e-02 2.2388e-02 1.8985e-02 1.5832e-02 1.2887e-02 1.0112e-02 7.4698e-03 4.9259e-03 2.4468e-03 0.0000e+00 -2.4468e-03 -4.9259e-03 -7.4698e-03 -1.0112e-02 -1.2887e-02 -1.5832e-02 -1.8985e-02 -2.2388e-02 -2.6084e-02 -3.0123e-02 -3.4556e-02 -3.9441e-02
4.9411e-02 4.3296e-02 3.7746e-02 3.2688e-02 2.8058e-02 2.3796e-02 1.9845e-02 1.6154e-02 1.2676e-02 9.3641e-03 6.1751e-03 3.0674e-03 0.0000e+00 -3.0674e-03 -6.1751e-03 -9.3641e-03 -1.2676e-02 -1.6154e-02 -1.9845e-02 -2.3796e-02 -2.8058e-02 -3.2688e-02 -3.7746e-02 -4.3296e-02 -4.9411e-02
6.4412e-02 5.6451e-02 4.9222e-02 4.2633e-02 3.6599e-02 3.1042e-02 2.5890e-02 2.1077e-02 1.6540e-02 1.2219e-02 8.0579e-03 4.0027e-03 0.0000e+00 -4.0027e-03 -8.0579e-03 -1.2219e-02 -1.6540e-02 -2.1077e-02 -2.5890e-02 -3.1042e-02 -3.6599e-02 -4.2633e-02 -4.9222e-02 -5.6451e-02 -6.4412e-02
8.1342e-02 7.1303e-02 6.2184e-02 5.3868e-02 4.6250e-02 3.9232e-02 3.2725e-02 2.6643e-02 2.0909e-02 1.5447e-02 1.0187e-02 5.0607e-03 0.0000e+00 -5.0607e-03 -1.0187e-02 -1.5447e-02 -2.0909e-02 -2.6643e-02 -3.2725e-02 -3.9232e-02 -4.6250e-02 -5.3868e-02 -6.2184e-02 -7.1303e-02 -8.1342e-02
1.0018e-01 8.7834e-02 7.6616e-02 6.6382e-02 5.7003e-02 4.8360e-02 4.0343e-02 3.2848e-02 2.5780e-02 1.9047e-02 1.2562e-02 6.2404e-03 0.0000e+00 -6.2404e-03 -1.2562e-02 -1.9047e-02 -2.5780e-02 -3.2848e-02 -4.0343e-02 -4.8360e-02 -5.7003e-02 -6.6382e-02 -7.6616e-02 -8.7834e-02 -1.0018e-01
1.2525e-01 1.0985e-01 9.5849e-02 8.3065e-02 7.1343e-02 6.0536e-02 5.0508e-02 4.1130e-02 3.2283e-02 2.3854e-02 1.5733e-02 7.8158e-03 0.0000e+00 -7.8158e-03 -1.5733e-02 -2.3854e-02 -3.2283e-02 -4.1130e-02 -5.0508e-02 -6.0536e-02 -7.1343e-02 -8.3065e-02 -9.5849e-02 -1.0985e-01 -1.2525e-01
1.5540e-01 1.3635e-01 1.1900e-01 1.0316e-01 8.8625e-02 7.5216e-02 6.2767e-02 5.1120e-02 4.0129e-02 2.9654e-02 1.9560e-02 9.7172e-03 0.0000e+00 -9.7172e-03 -1.9560e-02 -2.9654e-02 -4.0129e-02 -5.1120e-02 -6.2767e-02 -7.5216e-02 -8.8625e-02 -1.0316e-01 -1.1900e-01 -1.3635e-01 -1.5540e-01
1.9396e-01 1.7025e-01 1.4866e-01 1.2891e-01 1.1078e-01 9.4047e-02 7.8498e-02 6.3945e-02 5.0204e-02 3.7103e-02 2.4475e-02 1.2160e-02 0.0000e+00 -1.2160e-02 -2.4475e-02 -3.7103e-02 -5.0204e-02 -6.3945e-02 -7.8498e-02 -9.4047e-02 -1.1078e-01 -1.2891e-01 -1.4866e-01 -1.7025e-01 -1.9396e-01
2.4388e-01 2.1420e-01 1.8713e-01 1.6235e-01 1.3957e-01 1.1853e-01 9.8961e-02 8.0633e-02 6.3318e-02 4.6802e-02 3.0876e-02 1.5341e-02 0.0000e+00 -1.5341e-02 -3.0876e-02 -4.6802e-02 -6.3318e-02 -8.0633e-02 -9.8961e-02 -1.1853e-01 -1.3957e-01 -1.6235e-01 -1.8713e-01 -2.1420e-01 -2.4388e-01
3.0718e-01 2.7000e-01 2.3604e-01 2.0490e-01 1.7624e-01 1.4973e-01 1.2506e-01 1.0193e-01 8.0062e-02 5.9189e-02 3.9053e-02 1.9405e-02 0.0000e+00 -1.9405e-02 -3.9053e-02 -5.9189e-02 -8.0062e-02 -1.0193e-01 -1.2506e-01 -1.4973e-01 -1.7624e-01 -2.0490e-01 -2.3604e-01 -2.7000e-01 -3.0718e-01
3.8595e-01 3.3956e-01 2.9709e-01 2.5808e-01 2.2213e-01 1.8882e-01 1.5778e-01 1.2864e-01 1.0108e-01 7.4741e-02 4.9323e-02 2.4511e-02 0.0000e+00 -2.4511e-02 -4.9323e-02 -7.4741e-02 -1.0108e-01 -1.2864e-01 -1.5778e-01 -1.8882e-01 -2.2213e-01 -2.5808e-01 -2.9709e-01 -3.3956e-01 -3.8595e-01
4.8226e-01 4.2477e-01 3.7200e-01 3.2345e-01 2.7860e-01 2.3698e-01 1.9813e-01 1.6162e-01 1.2703e-01 9.3963e-02 6.2020e-02 3.0824e-02 0.0000e+00 -3.0824e-02 -6.2020e-02 -9.3963e-02 -1.2703e-01 -1.6162e-01 -1.9813e-01 -2.3698e-01 -2.7860e-01 -3.2345e-01 -3.7200e-01 -4.2477e-01 -4.8226e-01
5.8710e-01 5.1773e-01 4.5390e-01 3.9503e-01 3.4053e-01 2.8987e-01 2.4250e-01 1.9791e-01 1.5562e-01 1.1514e-01 7.6018e-02 3.7786e-02 0.0000e+00 -3.7786e-02 -7.6018e-02 -1.1514e-01 -1.5562e-01 -1.9791e-01 -2.4250e-01 -2.8987e-01 -3.4053e-01 -3.9503e-01 -4.5390e-01 -5.1773e-01 -5.8710e-01
7.2310e-01 6.3862e-01 5.6066e-01 4.8853e-01 4.2158e-01 3.5918e-01 3.0072e-01 2.4559e-01 1.9322e-01 1.4302e-01 9.4449e-02 4.6956e-02 0.0000e+00 -4.6956e-02 -9.4449e-02 -1.4302e-01 -1.9322e-01 -2.4559e-01 -3.0072e-01 -3.5918e-01 -4.2158e-01 -4.8853e-01 -5.6066e-01 -6.3862e-01 -7.2310e-01
8.9413e-01 7.9115e-01 6.9573e-01 6.0713e-01 5.2463e-01 4.4749e-01 3.7503e-01 3.0653e-01 2.4131e-01 1.7871e-01 1.1806e-01 5.8709e-02 0.0000e+00 -5.8709e-02 -1.1806e-01 -1.7871e-01 -2.4131e-01 -3.0653e-01 -3.7503e-01 -4.4749e-01 -5.2463e-01 -6.0713e-01 -6.9573e-01 -7.9115e-01 -8.9413e-01
1.1034e+00 9.7847e-01 8.6219e-01 7.5374e-01 6.5235e-01 5.5721e-01 4.6753e-01 3.8252e-01 3.0139e-01 2.2334e-01 1.4761e-01 7.3422e-02 0.0000e+00 -7.3422e-02 -1.4761e-01 -2.2334e-01 -3.0139e-01 -3.8252e-01 -4.6753e-01 -5.5721e-01 -6.5235e-01 -7.5374e-01 -8.6219e-01 -9.7847e-01 -1.1034e+00
1.3528e+00 1.2028e+00 1.0623e+00 9.3061e-01 8.0692e-01 6.9037e-01 5.8008e-01 4.7516e-01 3.7474e-01 2.7791e-01 1.8378e-01 9.1438e-02 -9.6433e-16 -9.1438e-02 -1.8378e-01 -2.7791e-01 -3.7474e-01 -4.7516e-01 -5.8008e-01 -6.9037e-01 -8.0692e-01 -9.3061e-01 -1.0623e+00 -1.2028e+00 -1.3528e+00
1.6430e+00 1.4648e+00 1.2971e+00 1.1390e+00 9.8971e-01 8.4833e-01 7.1396e-01 5.8563e-01 4.6237e-01 3.4320e-01 2.2709e-01 1.1303e-01 0.0000e+00 -1.1303e-01 -2.2709e-01 -3.4320e-01 -4.6237e-01 -5.8563e-01 -7.1396e-01 -8.4833e-01 -9.8971e-01 -1.1390e+00 -1.2971e+00 -1.4648e+00 -1.6430e+00
1.9422e+00 1.7364e+00 1.5415e+00 1.3568e+00 1.1815e+00 1.0146e+00 8.5527e-01 7.0252e-01 5.5529e-01 4.1253e-01 2.7314e-01 1.3600e-01 -9.6433e-16 -1.3600e-01 -2.7314e-01 -4.1253e-01 -5.5529e-01 -7.0252e-01 -8.5527e-01 -1.0146e+00 -1.1815e+00 -1.3568e+00 -1.5415e+00 -1.7364e+00 -1.9422e+00
2.3075e+00 2.0697e+00 1.8429e+00 1.6265e+00 1.4198e+00 1.2220e+00 1.0321e+00 8.4918e-01 6.7213e-01 4.9987e-01 3.3122e-01 1.6500e-01 -9.6433e-16 -1.6500e-01 -3.3122e-01 -4.9987e-01 -6.7213e-01 -8.4918e-01 -1.0321e+00 -1.2220e+00 -1.4198e+00 -1.6265e+00 -1.8429e+00 -2.0697e+00 -2.3075e+00
2.7050e+00 2.4341e+00 2.1740e+00 1.9241e+00 1.6840e+00 1.4527e+00 1.2295e+00 1.0133e+00 8.0323e-01 5.9804e-01 3.9659e-01 1.9766e-01 0.0000e+00 -1.9766e-01 -3.9659e-01 -5.9804e-01 -8.0323e-01 -1.0133e+00 -1.2295e+00 -1.4527e+00 -1.6840e+00 -1.9241e+00 -2.1740e+00 -2.4341e+00 -2.7050e+00
3.1589e+00 2.8523e+00 2.5557e+00 2.2688e+00 1.9912e+00 1.7220e+00 1.4607e+00 1.2062e+00 9.5761e-01 7.1388e-01 4.7384e-01 2.3629e-01 0.0000e+00 -2.3629e-01 -4.7384e-01 -7.1388e-01 -9.5761e-01 -1.2062e+00 -1.4607e+00 -1.7220e+00 -1.9912e+00 -2.2688e+00 -2.5557e+00 -2.8523e+00 -3.1589e+00
3.7465e+00 3.3963e+00 3.0548e+00 2.7216e+00 2.3964e+00 2.0788e+00 1.7680e+00 1.4634e+00 1.1640e+00 8.6910e-01 5.7750e-01 2.8818e-01 -9.6433e-16 -2.8818e-01 -5.7750e-01 -8.6910e-01 -1.1640e+00 -1.4634e+00 -1.7680e+00 -2.0788e+00 -2.3964e+00 -2.7216e+00 -3.0548e+00 -3.3963e+00 -3.7465e+00
4.3060e+00 3.9167e+00 3.5342e+00 3.1583e+00 2.7889e+00 2.4255e+00 2.0677e+00 1.7149e+00 1.3664e+00 1.0216e+00 6.7947e-01 3.3926e-01 0.0000e+00 -3.3926e-01 -6.7947e-01 -1.0216e+00 -1.3664e+00 -1.7149e+00 -2.0677e+00 -2.4255e+00 -2.7889e+00 -3.1583e+00 -3.5342e+00 -3.9167e+00 -4.3060e+00
4.8329e+00 4.4082e+00 3.9884e+00 3.5734e+00 3.1629e+00 2.7568e+00 2.3547e+00 1.9563e+00 1.5610e+00 1.1684e+00 7.7776e-01 3.8853e-01 0.0000e+00 -3.8853e-01 -7.7776e-01 -1.1684e+00 -1.5610e+00 -1.9563e+00 -2.3547e+00 -2.7568e+00 -3.1629e+00 -3.5734e+00 -3.9884e+00 -4.4082e+00 -4.8329e+00
5.4197e+00 4.9569e+00 4.4965e+00 4.0385e+00 3.5829e+00 3.1295e+00 2.6782e+00 2.2287e+00 1.7809e+00 1.3344e+00 8.8902e-01 4.4433e-01 0.0000e+00 -4.4433e-01 -8.8902e-01 -1.3344e+00 -1.7809e+00 -2.2287e+00 -2.6782e+00 -3.1295e+00 -3.5829e+00 -4.0385e+00 -4.4965e+00 -4.9569e+00 -5.4197e+00
6.0000e+00 5.5000e+00 5.0000e+00 4.5000e+00 4.0000e+00 3.5000e+00 3.0000e+00 2.5000e+00 2.0000e+00 1.5000e+00 1.0000e+00 5.0000e-01 -9.6433e-16 -5.0000e-01 -1.0000e+00 -1.5000e+00 -2.0000e+00 -2.5000e+00 -3.0000e+00 -3.5000e+00 -4.0000e+00 -4.5000e+00 -5.0000e+00 -5.5000e+00 -6.0000e+00
6.6016e+00 6.0631e+00 5.5220e+00 4.9784e+00 4.4324e+00 3.8841e+00 3.3336e+00 2.7812e+00 2.2271e+00 1.6716e+00 1.1150e+00 5.5771e-01 0.0000e+00 -5.5771e-01 -1.1150e+00 -1.6716e+00 -2.2271e+00 -2.7812e+00 -3.3336e+00 -3.8841e+00 -4.4324e+00 -4.9784e+00 -5.5220e+00 -6.0631e+00 -6.6016e+00
7.2196e+00 6.6408e+00 6.0569e+00 5.4681e+00 4.8745e+00 4.2764e+00 3.6741e+00 3.0679e+00 2.4585e+00 1.8464e+00 1.2321e+00 6.1642e-01 0.0000e+00 -6.1642e-01 -1.2321e+00 -1.8464e+00 -2.4585e+00 -3.0679e+00 -3.6741e+00 -4.2764e+00 -4.8745e+00 -5.4681e+00 -6.0569e+00 -6.6408e+00 -7.2196e+00
7.8286e+00 7.2087e+00 6.5815e+00 5.9472e+00 5.3060e+00 4.6585e+00 4.0050e+00 3.3462e+00 2.6827e+00 2.0155e+00 1.3453e+00 6.7316e-01 0.0000e+00 -6.7316e-01 -1.3453e+00 -2.0155e+00 -2.6827e+00 -3.3462e+00 -4.0050e+00 -4.6585e+00 -5.3060e+00 -5.9472e+00 -6.5815e+00 -7.2087e+00 -7.8286e+00
8.4084e+00 7.7474e+00 7.0773e+00 6.3984e+00 5.7112e+00 5.0161e+00 4.3138e+00 3.6052e+00 2.8910e+00 2.1724e+00 1.4502e+00 7.2569e-01 0.0000e+00 -7.2569e-01 -1.4502e+00 -2.1724e+00 -2.8910e+00 -3.6052e+00 -4.3138e+00 -5.0161e+00 -5.7112e+00 -6.3984e+00 -7.0773e+00 -7.7474e+00 -8.4084e+00
8.9446e+00 8.2433e+00 7.5317e+00 6.8102e+00 6.0794e+00 5.3399e+00 4.5926e+00 3.8383e+00 3.0780e+00 2.3129e+00 1.5440e+00 7.7264e-01 0.0000e+00 -7.7264e-01 -1.5440e+00 -2.3129e+00 -3.0780e+00 -3.8383e+00 -4.5926e+00 -5.3399e+00 -6.0794e+00 -6.8102e+00 -7.5317e+00 -8.2433e+00 -8.9446e+00
9.3885e+00 8.6518e+00 7.9042e+00 7.1462e+00 6.3786e+00 5.6020e+00 4.8174e+00 4.0257e+00 3.2280e+00 2.4253e+00 1.6190e+00 8.1012e-01 0.0000e+00 -8.1012e-01 -1.6190e+00 -2.4253e+00 -3.2280e+00 -4.0257e+00 -4.8174e+00 -5.6020e+00 -6.3786e+00 -7.1462e+00 -7.9042e+00 -8.6518e+00 -9.3885e+00
9.8243e+00 9.0508e+00 8.2662e+00 7.4713e+00 6.6667e+00 5.8534e+00 5.0322e+00 4.2042e+00 3.3704e+00 2.5320e+00 1.6900e+00 8.4558e-01 0.0000e+00 -8.4558e-01 -1.6900e+00 -2.5320e+00 -3.3704e+00 -4.2042e+00 -5.0322e+00 -5.8534e+00 -6.6667e+00 -7.4713e+00 -8.2662e+00 -9.0508e+00 -9.8243e+00
1.0229e+01 9.4193e+00 8.5987e+00 7.7683e+00 6.9287e+00 6.0810e+00 5.2260e+00 4.3648e+00 3.4982e+00 2.6274e+00 1.7534e+00 8.7724e-01 0.0000e+00 -8.7724e-01 -1.7534e+00 -2.6274e+00 -3.4982e+00 -4.3648e+00 -5.2260e+00 -6.0810e+00 -6.9287e+00 -7.7683e+00 -8.5987e+00 -9.4193e+00 -1.0229e+01
1.0589e+01 9.7451e+00 8.8911e+00 8.0280e+00 7.1569e+00 6.2784e+00 5.3935e+00 4.5030e+00 3.6080e+00 2.7092e+00 1.8077e+00 9.0431e-01 -9.6433e-16 -9.0431e-01 -1.8077e+00 -2.7092e+00 -3.6080e+00 -4.5030e+00 -5.3935e+00 -6.2784e+00 -7.1569e+00 -8.0280e+00 -8.8911e+00 -9.7451e+00 -1.0589e+01
1.0899e+01 1.0024e+01 9.1397e+00 8.2479e+00 7.3491e+00 6.4440e+00 5.5335e+00 4.6183e+00 3.6993e+00 2.7772e+00 1.8527e+00 9.2674e-01 0.0000e+00 -9.2674e-01 -1.8527e+00 -2.7772e+00 -3.6993e+00 -4.6183e+00 -5.5335e+00 -6.4440e+00 -7.3491e+00 -8.2479e+00 -9.1397e+00 -1.0024e+01 -1.0899e+01
1.1158e+01 1.0256e+01 9.3458e+00 8.4294e+00 7.5071e+00 6.5797e+00 5.6479e+00 4.7123e+00 3.7735e+00 2.8323e+00 1.8892e+00 9.4492e-01 0.0000e+00 -9.4492e-01 -1.8892e+00 -2.8323e+00 -3.7735e+00 -4.7123e+00 -5.6479e+00 -6.5797e+00 -7.5071e+00 -8.4294e+00 -9.3458e+00 -1.0256e+01 -1.1158e+01
1.1354e+01 1.0430e+01 9.5003e+00 8.5649e+00 7.6247e+00 6.6804e+00 5.7326e+00 4.7817e+00 3.8283e+00 2.8729e+00 1.9161e+00 9.5829e-01 0.0000e+00 -9.5829e-01 -1.9161e+00 -2.8729e+00 -3.8283e+00 -4.7817e+00 -5.7326e+00 -6.6804e+00 -7.6247e+00 -8.5649e+00 -9.5003e+00 -1.0430e+01 -1.1354e+01
1.1531e+01 1.0587e+01 9.6382e+00 8.6854e+00 7.7291e+00 6.7696e+00 5.8074e+00 4.8429e+00 3.8765e+00 2.9087e+00 1.9397e+00 9.7004e-01 0.0000e+00 -9.7004e-01 -1.9397e+00 -2.9087e+00 -3.8765e+00 -4.8429e+00 -5.8074e+00 -6.7696e+00 -7.7291e+00 -8.6854e+00 -9.6382e+00 -1.0587e+01 -1.1531e+01
1.1671e+01 1.0711e+01 9.7470e+00 8.7804e+00 7.8110e+00 6.8394e+00 5.8659e+00 4.8907e+00 3.9141e+00 2.9365e+00 1.9581e+00 9.7918e-01 -9.6433e-16 -9.7918e-01 -1.9581e+00 -2.9365e+00 -3.9141e+00 -4.8907e+00 -5.8659e+00 -6.8394e+00 -7.8110e+00 -8.7804e+00 -9.7470e+00 -1.0711e+01 -1.1671e+01
1.1787e+01 1.0813e+01 9.8368e+00 8.8584e+00 7.8783e+00 6.8967e+00 5.9138e+00 4.9297e+00 3.9448e+00 2.9592e+00 1.9731e+00 9.8664e-01 0.0000e+00 -9.8664e-01 -1.9731e+00 -2.9592e+00 -3.9448e+00 -4.9297e+00 -5.9138e+00 -6.8967e+00 -7.8783e+00 -8.8584e+00 -9.8368e+00 -1.0813e+01 -1.1787e+01
1.1891e+01 1.0904e+01 9.9163e+00 8.9275e+00 7.9377e+00 6.9472e+00 5.9559e+00 4.9641e+00 3.9718e+00 2.9792e+00 1.9863e+00 9.9318e-01 0.0000e+00 -9.9318e-01 -1.9863e+00 -2.9792e+00 -3.9718e+00 -4.9641e+00 -5.9559e+00 -6.9472e+00 -7.9377e+00 -8.9275e+00 -9.9163e+00 -1.0904e+01 -1.1891e+01
1.1954e+01 1.0960e+01 9.9649e+00 8.9696e+00 7.9739e+00 6.9779e+00 5.9815e+00 4.9850e+00 3.9882e+00 2.9913e+00 1.9943e+00 9.9715e-01 0.0000e+00 -9.9715e-01 -1.9943e+00 -2.9913e+00 -3.9882e+00 -4.9850e+00 -5.9815e+00 -6.9779e+00 -7.9739e+00 -8.9696e+00 -9.9649e+00 -1.0960e+01 -1.1954e+01
1.1989e+01 1.0990e+01 9.9913e+00 8.9925e+00 7.9936e+00 6.9945e+00 5.9955e+00 4.9963e+00 3.9971e+00 2.9979e+00 1.9986e+00 9.9930e-01 0.0000e+00 -9.9930e-01 -1.9986e+00 -2.9979e+00 -3.9971e+00 -4.9963e+00 -5.9955e+00 -6.9945e+00 -7.9936e+00 -8.9925e+00 -9.9913e+00 -1.0990e+01 -1.1989e+01
