4.807100436575726671e-18
1.386784467954713030e-17
4.882869386687202881e-18
4.652734402216442975e-18
-2.113020281841995790e-32
-4.652734402216449138e-18
-4.882869386687215977e-18
-1.386784467954715495e-17
-4.807100436575776745e-18
-1.913899285344063081e-17
-2.651330361375774187e-17
-4.859320158457899119e-17
-4.641440698529209802e-17
-8.189321958148000088e-17
-7.471277994086601531e-17
-1.409296987615485631e-16
-1.283866769696081460e-16
-3.475531354907726789e-16
-3.278929890984346293e-16
-8.827897073669781294e-17
-5.770565018151121127e-17
2.915710578275100431e-17
7.944400738964557830e-17
1.359767492415732856e-16
2.330011013987898050e-16
2.767785398408837968e-16
6.116717958777603128e-16
6.486273864017485653e-16
2.632975402184085248e-16
2.962019150008255542e-16
1.476084289375829470e-16
1.780319511995412759e-16
7.373989283655096208e-17
1.027145299841812133e-16
1.398124767622440328e-17
4.228384449946081410e-17
-4.228384449946081410e-17
-1.398124767622447724e-17
-1.027145299841812380e-16
-7.373989283655104837e-17
-1.780319511995412759e-16
-1.476084289375828977e-16
-2.962019150008255542e-16
-2.632975402184085741e-16
-6.486273864017485653e-16
-6.116717958777601155e-16
-2.767785398408837968e-16
-2.330011013987897557e-16
-1.359767492415732363e-16
-7.944400738964557830e-17
-2.915710578275100431e-17
5.770565018151119894e-17
8.827897073669789922e-17
3.278929890984347279e-16
3.475531354907726789e-16
1.283866769696082446e-16
1.409296987615485385e-16
7.471277994086600298e-17
8.189321958148005019e-17
4.641440698529214116e-17
4.859320158457902817e-17
2.651330361375771722e-17
1.913899285344063081e-17
