-3.456933714692280168e-01
-1.692644295226253259e-01
-1.671530559781516101e-01
-1.024856175891580429e-01
-9.888900557244045819e-02
-5.659252870916329364e-02
-5.149038854153238642e-02
-1.769092595877217594e-02
-1.035127412998571202e-02
2.024914288514980537e-02
3.049034376140415115e-02
6.073956007060739293e-02
7.338315998805780560e-02
1.024632478701845845e-01
1.126665360988499398e-01
1.350084001476172246e-01
1.399100930012379396e-01
1.519113019388217689e-01
1.435025716925609207e-01
1.432543860486583109e-01
1.264380500151941755e-01
1.222925838743835619e-01
1.063933873498710825e-01
1.035845772417551547e-01
9.017250673606803935e-02
8.983071170403494898e-02
7.817817054588527270e-02
7.963363134402509647e-02
7.002440429866231553e-02
7.275224848507154396e-02
6.424864554019313334e-02
6.778337546926703483e-02
5.965350563563021763e-02
6.338904459086527887e-02
5.495349505746721652e-02
5.848239706368318219e-02
4.980510043452607283e-02
5.308929217479301660e-02
4.346087915825017078e-02
4.635373197732197553e-02
3.560686315051735107e-02
3.821881770774458037e-02
2.687720055442910719e-02
2.942282258437032422e-02
1.715320049606889122e-02
1.964299223320341292e-02
4.847279141798602718e-03
7.017678841621980725e-03
-9.229886169882515687e-03
-7.117020675640042121e-03
-2.584647625146109864e-02
-2.377250117360819176e-02
-4.629352100941395987e-02
-4.455043840540170302e-02
-7.260625463859859963e-02
-7.107892712864051499e-02
-1.068808381507113936e-01
-1.054338040905696133e-01
-1.561409304908939477e-01
-1.552096082661155452e-01
-2.395076158650576159e-01
-2.393521538948983618e-01
-4.718947861283039336e-01
