3.000000000000000000e+00
2.998849564611660412e+00
2.996934910060092161e+00
2.994044670895425586e+00
2.989396935261850796e+00
2.980442490989624549e+00
2.967525083811950459e+00
2.949702427047514508e+00
2.920476642697025671e+00
2.877384614284923536e+00
2.810585369470068873e+00
2.707059121207260777e+00
2.554031124681678477e+00
2.341850362480089043e+00
2.070579212891764609e+00
1.783872005570423358e+00
1.450695497225758634e+00
1.110125769325845058e+00
8.036345613962696532e-01
5.570737975742834358e-01
3.753238372814853285e-01
2.583579920971939003e-01
1.704519454926476385e-01
1.129646196547433590e-01
7.173812093232756482e-02
3.559364631599226669e-02
9.299795513847630701e-03
-1.266609111179572977e-02
-3.651413771530931385e-02
-6.101723054268770596e-02
-8.855569101961302536e-02
-1.201688003335568133e-01
-1.557619798269067601e-01
-1.950704684439856784e-01
-2.377148310527466002e-01
-2.791817269688446346e-01
-3.254302139321758602e-01
-3.734331244674321537e-01
-4.221126873032980953e-01
-4.706854645487063560e-01
-5.186059470141449745e-01
-5.614637976073183490e-01
-6.075571551006735405e-01
-6.522176809155676436e-01
-6.983047955928760597e-01
-7.526056922650186110e-01
-8.005013546948978043e-01
-8.433449241510406758e-01
-8.894282687871850612e-01
-9.340825231061659073e-01
-9.801654397908279304e-01
-1.028059512005030651e+00
-1.076670030763578367e+00
-1.125199823531422672e+00
-1.173093727674748621e+00
-1.215936265034855968e+00
-1.262018868987981435e+00
-1.309912724928810945e+00
-1.358523097731931362e+00
-1.407052792728656687e+00
-1.454946631102890020e+00
-1.497789126975348051e+00
-1.537283528787542153e+00
