-4.612138978610840212e-01
-2.303808184307135909e-01
-2.269589784317093129e-01
-1.382709765144828074e-01
-1.326601266191464179e-01
-7.364925574766290062e-02
-6.581142538932330255e-02
-1.807221568744081519e-02
-6.837818635793008366e-03
3.686715288995508905e-02
5.247329559171213381e-02
9.608989944212270595e-02
1.151061171298751323e-01
1.569464047697364251e-01
1.717225504886169263e-01
2.031006704007206065e-01
2.096325209729044958e-01
2.263129353421756418e-01
2.136245244153356648e-01
2.132444097829215013e-01
1.885625500823545908e-01
1.827891643740909289e-01
1.591922125801184806e-01
1.554351051526451644e-01
1.353087834082444540e-01
1.351664987494419767e-01
1.175785810932290926e-01
1.200072243408030898e-01
1.053209083633492998e-01
1.096158805566682659e-01
9.651013702361109503e-02
1.020123468800235439e-01
8.941799157731625258e-02
9.523765614475379615e-02
8.212597445356462078e-02
8.764173324830783207e-02
7.408216982187593169e-02
7.925577614735826448e-02
6.416628402673010823e-02
6.876192987743713625e-02
5.186057995874902155e-02
5.603016329728811862e-02
3.807940953570921466e-02
4.215995061197758131e-02
2.263287275617630045e-02
2.664379749015608617e-02
3.092072319207098217e-03
6.623414446804419195e-03
-1.938790771653104567e-02
-1.594039234744742614e-02
-4.602862629882484291e-02
-4.264727642308040190e-02
-7.888514264812411525e-02
-7.601179926985739133e-02
-1.211241975339961835e-01
-1.185646199183945926e-01
-1.759663877906816332e-01
-1.735972926104202285e-01
-2.539768103758302531e-01
-2.524508550958018405e-01
-3.819749030694743475e-01
-3.816179941584139645e-01
-6.982619919529018393e-01
