4.000000000000000000e+00
3.998253550183859861e+00
3.995347299091978943e+00
3.990961233695815569e+00
3.983910954748866917e+00
3.970338177001516922e+00
3.950783289614371530e+00
3.923850963009339221e+00
3.879807872488238996e+00
3.815139259258614413e+00
3.715518460137663403e+00
3.562580818833811502e+00
3.339605328897440994e+00
3.036137034121209055e+00
2.656968893154732392e+00
2.265898285961979841e+00
1.822543575552861839e+00
1.380264884900142874e+00
9.906041651206383136e-01
6.823054582023888592e-01
4.577553149156035062e-01
3.143879676077245833e-01
2.072036107207830824e-01
1.373629535971843119e-01
8.716841832293908965e-02
4.256660559098168761e-02
9.472939376205857798e-03
-1.867343715503633206e-02
-4.966764036856474718e-02
-8.183573495787577201e-02
-1.182190605243174097e-01
-1.601501215496576869e-01
-2.074705243538859101e-01
-2.598011523501768671e-01
-3.166180222819487966e-01
-3.718922064778691361e-01
-4.335359674165326083e-01
-4.975261357735919487e-01
-5.624235364411294125e-01
-6.271818460857170319e-01
-6.910724975134453496e-01
-7.482143890162089583e-01
-8.096708636964164985e-01
-8.692173977140474905e-01
-9.306663280099318758e-01
-1.003067117449555568e+00
-1.066927781024229027e+00
-1.124052412503669496e+00
-1.185496781244886666e+00
-1.245035729224764465e+00
-1.306479578709732525e+00
-1.370338314772841404e+00
-1.435152321931290276e+00
-1.499858700546745638e+00
-1.563717231661623019e+00
-1.620840610020844785e+00
-1.682284078323796450e+00
-1.746142550265510573e+00
-1.810956378780905318e+00
-1.875662637434998725e+00
-1.939521087643623076e+00
-1.996644414835947678e+00
-2.049303616798107353e+00
