-5.482879356415877314e-01
-2.790269147720415011e-01
-2.742085221981221399e-01
-1.657962614872295071e-01
-1.580671784365237365e-01
-8.461725947323077424e-02
-7.393987074053194608e-02
-1.376136680703972208e-02
1.515784354535379408e-03
5.720746694046558584e-02
7.831941858677883561e-02
1.343331856409450686e-01
1.596356670618677420e-01
2.130371104062893373e-01
2.318591189572904443e-01
2.708056434936796930e-01
2.783447361251893404e-01
2.989085463167315271e-01
2.820727790630517817e-01
2.817050475242204866e-01
2.497051438795817035e-01
2.426890911949975138e-01
2.116637647038693559e-01
2.072788525794541925e-01
1.804729958091582653e-01
1.807674557069021970e-01
1.571737294686690323e-01
1.607396709935709767e-01
1.407871477942925220e-01
1.467905454205139237e-01
1.288318151632232011e-01
1.364459066167053036e-01
1.190946908510727847e-01
1.271595083580542296e-01
1.090303311682628562e-01
1.167040596651182371e-01
9.784890370998323983e-02
1.051049351162177264e-01
8.405427854537451948e-02
9.055741278399308258e-02
6.688824055774136856e-02
7.282289404263041221e-02
4.751600747341485492e-02
5.334968447532238700e-02
2.566220118109787882e-02
3.142201059765731275e-02
-1.984731490215816286e-03
3.141644836366142435e-03
-3.395438853308199029e-02
-2.893742025527370684e-02
-7.196314645089364748e-02
-6.705114614467265477e-02
-1.188736240432635982e-01
-1.146634132220682861e-01
-1.789323412358292953e-01
-1.751364344864461131e-01
-2.562062583465686272e-01
-2.527937310377930680e-01
-3.638565858031816980e-01
-3.616864260002586873e-01
-5.317147536548579856e-01
-5.310998149895308496e-01
-8.879297739561273772e-01
