4.000000000000000000e+00
3.998253550183859861e+00
3.995347299091978943e+00
3.990961233695815569e+00
3.983910954748866917e+00
3.970338177001516922e+00
3.950783289614371530e+00
3.923850963009339221e+00
3.879807872488238996e+00
3.815139259258614413e+00
3.715518460137663403e+00
3.562580818833811502e+00
3.339605328897440994e+00
3.036137034121209055e+00
2.656968893154732392e+00
2.265898285961979841e+00
1.822543575552861839e+00
1.380264884900142874e+00
9.906041651206383136e-01
6.823054582023888592e-01
4.577553149156035062e-01
3.143879676077245833e-01
2.072036107207830824e-01
1.373629535971843119e-01
8.779523058462501695e-02
4.554085890878400988e-02
1.596286758821818808e-02
-7.890426839309405693e-03
-3.305588714033191877e-02
-5.837788985835423716e-02
-8.645871839024676930e-02
-1.184278483594121134e-01
-1.542463445279822487e-01
-1.936946401372012794e-01
-2.364250709407240691e-01
-2.779412941233153078e-01
-3.242241999951893661e-01
-3.722497594348944672e-01
-4.209437096865524808e-01
-4.695254596038404560e-01
-5.174515021142146454e-01
-5.603125643071013018e-01
-6.064081839205193170e-01
-6.510701347777086978e-01
-6.971582100068036691e-01
-7.514598186131249413e-01
-7.993558732704444392e-01
-8.421996754400078444e-01
-8.882831891144356007e-01
-9.329375539338718992e-01
-9.790205483520504348e-01
-1.026914675497805352e+00
-1.075525232240374773e+00
-1.124055051128530325e+00
-1.171948973326053522e+00
-1.214791522375398447e+00
-1.260874135611560476e+00
-1.308767998635920637e+00
-1.357378376735435932e+00
-1.405908075662229528e+00
-1.453801916953499695e+00
-1.496644414835947678e+00
-1.536138818118876426e+00
