3.000000000000000000e+00
2.998849564611660412e+00
2.996934910060092161e+00
2.994044670895425586e+00
2.989396935261850796e+00
2.980442490989624549e+00
2.967525083811950459e+00
2.949702427047514508e+00
2.920476642697025671e+00
2.877384614284923536e+00
2.810585369470068873e+00
2.707059121207260777e+00
2.554031124681678477e+00
2.341850362480089043e+00
2.070579212891764609e+00
1.783872005570423358e+00
1.450695497225758634e+00
1.110125769325845058e+00
8.036345613962696532e-01
5.570737975742834358e-01
3.753238372814853285e-01
2.583579920971939003e-01
1.704519454926476385e-01
1.129646196547433590e-01
7.236544731268113040e-02
3.857027766926979240e-02
1.579471177213820354e-02
-1.875200777262442386e-03
-1.989109746356509945e-02
-3.754486068164819557e-02
-5.677800473677629967e-02
-7.842740153391281055e-02
-1.025187900999364743e-01
-1.289478398114156654e-01
-1.575122691122365914e-01
-1.852308146142908063e-01
-2.161184465108325348e-01
-2.481567481287347277e-01
-2.806328605487212746e-01
-3.130290780668297801e-01
-3.449849516149142148e-01
-3.735619728982106924e-01
-4.042944753247764700e-01
-4.340704179792290174e-01
-4.647966775897479641e-01
-5.009983934285882068e-01
-5.329294469411134383e-01
-5.614921870873793575e-01
-5.922146766567342180e-01
-6.219843478152732308e-01
-6.527064094331458399e-01
-6.846358727299945990e-01
-7.170429410726629760e-01
-7.493961741132073584e-01
-7.813254693391792349e-01
-8.098871773894094073e-01
-8.406089262757459046e-01
-8.725381732992211203e-01
-9.049450956864621975e-01
-9.372982309558877123e-01
-9.692274604127668614e-01
-9.977891269753480508e-01
-1.024118730108311004e+00
