2.000000000000000000e+00
1.999323508657693482e+00
1.998197543844146606e+00
1.996497564344376974e+00
1.993763003176624471e+00
1.988491335253834480e+00
1.980878942591554948e+00
1.970360785145344629e+00
1.953075018835484178e+00
1.927501707970403100e+00
1.887655965966903659e+00
1.825415543966977028e+00
1.732335025868178668e+00
1.601159964614643494e+00
1.429916510765336213e+00
1.244680474355003064e+00
1.024045672445551336e+00
7.926839120328894595e-01
5.795671780946491936e-01
4.048383963397599317e-01
2.742072931195278507e-01
1.893321552001194785e-01
1.251336653927273002e-01
8.296166298137941375e-02
5.338652976334357092e-02
2.958547368938790889e-02
1.444827799518821898e-02
3.446159918709668091e-03
-7.079846304230530407e-03
-1.685258047455517882e-02
-2.709648065272451944e-02
-3.833321754008101045e-02
-5.063951725919402236e-02
-6.401524221927457070e-02
-7.839585727822329098e-02
-9.231048761228149990e-02
-1.077940161157402293e-01
-1.238392628958828456e-01
-1.400938658521392877e-01
-1.563022697710863551e-01
-1.722865674143099490e-01
-1.865787395942514193e-01
-2.019475593134853475e-01
-2.168371404396018109e-01
-2.322013486447386810e-01
-2.503029992847493057e-01
-2.662689582576688307e-01
-2.805505819639853571e-01
-2.959120087080892025e-01
-3.107969615071203839e-01
-3.261580734282856220e-01
-3.421228613184021938e-01
-3.583264335599931072e-01
-3.745030756673175532e-01
-3.904677405530640466e-01
-4.047486055117316406e-01
-4.201094884523230988e-01
-4.360741183071414340e-01
-4.522775841441984968e-01
-4.684541551580639895e-01
-4.844187723517566768e-01
-4.986996073075855573e-01
-5.118644100855537227e-01
