2.000000000000000000e+00
1.999323508657693482e+00
1.998197543844146606e+00
1.996497564344376974e+00
1.993763003176624471e+00
1.988491335253834480e+00
1.980878942591554948e+00
1.970360785145344629e+00
1.953075018835484178e+00
1.927501707970403100e+00
1.887655965966903659e+00
1.825415543966977028e+00
1.732335025868178668e+00
1.601159964614643494e+00
1.429916510765336213e+00
1.244680474355003064e+00
1.024045672445551336e+00
7.926839120328894595e-01
5.795671780946491936e-01
4.048383963397599317e-01
2.742072931195278507e-01
1.893321552001194785e-01
1.251336653927273002e-01
8.296166298137941375e-02
5.275886011453634339e-02
2.660725459070856225e-02
7.950031447893080028e-03
-7.349991396949917544e-03
-2.371042195043426837e-02
-4.033464708935907694e-02
-5.888574592889872505e-02
-8.008738538861881473e-02
-1.038954013529664877e-01
-1.301486395923394657e-01
-1.586048565540914002e-01
-1.862613999668353282e-01
-2.171057835370835132e-01
-2.491156392345802995e-01
-2.815736926067161638e-01
-3.139586562529629310e-01
-3.459075628135406810e-01
-3.744805643033590759e-01
-4.052102390893824735e-01
-4.349844033759405204e-01
-4.657094666478668321e-01
-5.019102981211798209e-01
-5.338408660114533077e-01
-5.624033190276468419e-01
-5.931256008385401568e-01
-6.228951367980130049e-01
-6.536171037859677124e-01
-6.855465005934382461e-01
-7.179535232509085541e-01
-7.503067250855328663e-01
-7.822359988886334881e-01
-8.107976931571780899e-01
-8.415194311645588510e-01
-8.734486699367313145e-01
-9.058555861896677719e-01
-9.382087169308330754e-01
-9.701379430418799465e-01
-9.986996073075855573e-01
-1.025029208764784761e+00
